#!115608.[0,f]/ 6.5151e-14[1,f]/ 9.8851e-16[2,f]/ 2.6753e13[3,f]/ 3.1674000e-22[4,f]/ 5.58248402e-24[5,f]/
wav     trans
2.530000E+00	1.29767E-16
2.540000E+00	4.22992E-16
2.550000E+00	6.98000E-15
2.560000E+00	6.99453E-16
2.570000E+00	3.77891E-16
2.580000E+00	2.82225E-15
2.590000E+00	3.88610E-19
2.600000E+00	1.12608E-15
2.610000E+00	1.73054E-15
2.620000E+00	4.68626E-15
2.630000E+00	2.36943E-15
2.640000E+00	5.87652E-16
2.650000E+00	1.04294E-15
2.660000E+00	6.45301E-17
2.670000E+00	2.60816E-15
2.680000E+00	2.02530E-15
2.690000E+00	2.75967E-15
2.700000E+00	1.58204E-15
2.710000E+00	7.76199E-16
2.720000E+00	1.27559E-15
2.730000E+00	1.43960E-14
2.740000E+00	2.88810E-15
2.750000E+00	2.19818E-15
2.760000E+00	3.32116E-14
2.770000E+00	1.99729E-15
2.780000E+00	2.59335E-15
2.790000E+00	1.02828E-16
2.800000E+00	5.53429E-17
2.810000E+00	1.01989E-17
2.820000E+00	2.99514E-16
2.830000E+00	3.80035E-16
2.840000E+00	3.42489E-15
2.850000E+00	1.36912E-15
2.860000E+00	5.12902E-16
2.870000E+00	4.53798E-16
2.880000E+00	4.62535E-16
2.890000E+00	5.01869E-15
2.900000E+00	5.46655E-15
2.910000E+00	2.42869E-14
2.920000E+00	1.62928E-16
2.930000E+00	4.64334E-15
2.940000E+00	3.66531E-15
2.950000E+00	3.41017E-15
2.960000E+00	6.12196E-16
2.970000E+00	3.53367E-16
2.980000E+00	5.06980E-17
2.990000E+00	2.58184E-14
3.000000E+00	6.36233E-14
3.010000E+00	2.91116E-16
3.020000E+00	5.77616E-15
3.030000E+00	2.79426E-15
3.040000E+00	3.47928E-16
3.050000E+00	4.92000E-15
3.060000E+00	6.45784E-17
3.070000E+00	2.14879E-15
3.080000E+00	2.74484E-13
3.090000E+00	2.72508E-13
3.100000E+00	1.67952E-15
3.110000E+00	6.97974E-15
3.120000E+00	4.15256E-15
3.130000E+00	1.08508E-16
3.140000E+00	1.65646E-15
3.150000E+00	6.99460E-16
3.160000E+00	1.07013E-15
3.170000E+00	6.93060E-15
3.180000E+00	1.31975E-14
3.190000E+00	1.57395E-15
3.200000E+00	4.00438E-15
3.210000E+00	7.22025E-16
3.220000E+00	6.19441E-15
3.230000E+00	1.24003E-14
3.240000E+00	1.98247E-15
3.250000E+00	1.16609E-15
3.260000E+00	4.28098E-15
3.270000E+00	1.84416E-14
3.280000E+00	3.91890E-15
3.290000E+00	7.19058E-15
3.300000E+00	4.06364E-15
3.310000E+00	1.14683E-14
3.320000E+00	3.63072E-14
3.330000E+00	3.34925E-14
3.340000E+00	4.53144E-15
3.350000E+00	9.70328E-15
3.360000E+00	1.19262E-15
3.370000E+00	3.05282E-14
3.380000E+00	5.32337E-15
3.390000E+00	2.73661E-15
3.400000E+00	6.92059E-15
3.410000E+00	6.46276E-15
3.420000E+00	3.12836E-15
3.430000E+00	6.09067E-18
3.440000E+00	3.22733E-15
3.450000E+00	6.00667E-15
3.460000E+00	1.79971E-15
3.470000E+00	2.46329E-15
3.480000E+00	4.18563E-14
3.490000E+00	2.54066E-15
3.500000E+00	2.14877E-14
3.510000E+00	2.92764E-14
3.520000E+00	6.88267E-15
3.530000E+00	7.66147E-14
3.540000E+00	4.18729E-15
3.550000E+00	2.55713E-14
3.560000E+00	1.03225E-13
3.570000E+00	9.51877E-16
3.580000E+00	8.43547E-15
3.590000E+00	5.65265E-16
3.600000E+00	1.30211E-14
3.610000E+00	3.14654E-15
3.620000E+00	1.40997E-14
3.630000E+00	2.47317E-13
3.640000E+00	6.16484E-15
3.650000E+00	4.31068E-13
3.660000E+00	2.19653E-13
3.670000E+00	3.32452E-13
3.680000E+00	6.70815E-13
3.690000E+00	2.25580E-13
3.700000E+00	4.39459E-16
3.710000E+00	2.89137E-15
3.720000E+00	1.49444E-15
3.730000E+00	1.20678E-14
3.740000E+00	1.91826E-13
3.750000E+00	4.73387E-15
3.760000E+00	2.55221E-15
3.770000E+00	1.24777E-14
3.780000E+00	1.44339E-13
3.790000E+00	1.24910E-14
3.800000E+00	4.51658E-14
3.810000E+00	3.38373E-13
3.820000E+00	9.09581E-15
3.830000E+00	5.57702E-16
3.840000E+00	2.87995E-13
3.850000E+00	1.91496E-14
3.860000E+00	1.53922E-13
3.870000E+00	7.57106E-15
3.880000E+00	1.91497E-13
3.890000E+00	3.88252E-15
3.900000E+00	5.40231E-15
3.910000E+00	2.69207E-15
3.920000E+00	4.02092E-15
3.930000E+00	1.61743E-13
3.940000E+00	2.56548E-14
3.950000E+00	2.20641E-13
3.960000E+00	3.05606E-13
3.970000E+00	1.69103E-14
3.980000E+00	1.47221E-14
3.990000E+00	7.23008E-14
4.000000E+00	2.18008E-14
4.010000E+00	9.30324E-14
4.020000E+00	4.67139E-15
4.030000E+00	4.21687E-14
4.040000E+00	2.76782E-13
4.050000E+00	4.11309E-16
4.060000E+00	1.66963E-14
4.070000E+00	2.79754E-15
4.080000E+00	3.00343E-14
4.090000E+00	7.19731E-14
4.100000E+00	8.52756E-14
4.110000E+00	2.62457E-15
4.120000E+00	3.81019E-14
4.130000E+00	4.37337E-15
4.140000E+00	2.58502E-15
4.150000E+00	5.59663E-14
4.160000E+00	3.19279E-14
4.170000E+00	2.54221E-15
4.180000E+00	8.50789E-15
4.190000E+00	1.20611E-14
4.200000E+00	5.50119E-15
4.210000E+00	1.28169E-13
4.220000E+00	1.44009E-14
4.230000E+00	1.14404E-13
4.240000E+00	2.27887E-15
4.250000E+00	1.34591E-13
4.260000E+00	8.23286E-14
4.270000E+00	1.01511E-13
4.280000E+00	3.33435E-14
4.290000E+00	3.70140E-14
4.300000E+00	3.67674E-15
4.310000E+00	1.49905E-13
4.320000E+00	1.33028E-13
4.330000E+00	9.91085E-16
4.340000E+00	8.09447E-14
4.350000E+00	1.67292E-13
4.360000E+00	1.11720E-14
4.370000E+00	3.56979E-14
4.380000E+00	1.90838E-14
4.390000E+00	5.11595E-15
4.400000E+00	1.44307E-13
4.410000E+00	3.84807E-13
4.420000E+00	1.41753E-14
4.430000E+00	2.27381E-13
4.440000E+00	5.51779E-13
4.450000E+00	6.71303E-14
4.460000E+00	3.70471E-14
4.470000E+00	2.38255E-14
4.480000E+00	8.43371E-15
4.490000E+00	2.41893E-14
4.500000E+00	1.99729E-14
4.510000E+00	2.39734E-14
4.520000E+00	3.00000E-14
4.530000E+00	3.42980E-13
4.540000E+00	2.03683E-13
4.550000E+00	5.96396E-15
4.560000E+00	6.35899E-13
4.570000E+00	4.52473E-14
4.580000E+00	3.41659E-14
4.590000E+00	2.31351E-14
4.600000E+00	4.84761E-13
4.610000E+00	3.93861E-13
4.620000E+00	4.87727E-14
4.630000E+00	3.98467E-13
4.640000E+00	6.87780E-13
4.650000E+00	4.95785E-15
4.660000E+00	5.66910E-16
4.670000E+00	4.53961E-15
4.680000E+00	3.77222E-13
4.690000E+00	1.91497E-14
4.700000E+00	2.27383E-14
4.710000E+00	1.61019E-14
4.720000E+00	6.87606E-15
4.730000E+00	7.94630E-15
4.740000E+00	3.54346E-15
4.750000E+00	1.50728E-13
4.760000E+00	3.07080E-14
4.770000E+00	9.73291E-15
4.780000E+00	2.86841E-13
4.790000E+00	2.22296E-14
4.800000E+00	2.04504E-14
4.810000E+00	1.68116E-14
4.820000E+00	7.04730E-13
4.830000E+00	2.59172E-15
4.840000E+00	2.49298E-13
4.850000E+00	9.25381E-13
4.860000E+00	7.97099E-13
4.870000E+00	3.48419E-14
4.880000E+00	6.04631E-14
4.890000E+00	7.31575E-14
4.900000E+00	1.37243E-14
4.910000E+00	1.59587E-14
4.920000E+00	1.65317E-14
4.930000E+00	1.22341E-12
4.940000E+00	9.84818E-13
4.950000E+00	9.54848E-13
4.960000E+00	2.02036E-12
4.970000E+00	2.94085E-12
4.980000E+00	1.89522E-12
4.990000E+00	3.74429E-14
5.000000E+00	2.93260E-12
5.010000E+00	1.80136E-12
5.020000E+00	1.16906E-12
5.030000E+00	3.68668E-13
5.040000E+00	9.85972E-13
5.050000E+00	1.72067E-11
5.060000E+00	3.09723E-11
5.070000E+00	2.12071E-12
5.080000E+00	4.43425E-12
5.090000E+00	1.86228E-12
5.100000E+00	1.77996E-11
5.110000E+00	8.84873E-09
5.120000E+00	8.69727E-09
5.130000E+00	9.33938E-09
5.140000E+00	6.64553E-09
5.150000E+00	6.77573E-09
5.160000E+00	6.25543E-09
5.170000E+00	5.80580E-09
5.180000E+00	5.36950E-09
5.190000E+00	8.00077E-09
5.200000E+00	7.65173E-09
5.210000E+00	5.88484E-09
5.220000E+00	5.03199E-09
5.230000E+00	5.14398E-09
5.240000E+00	5.38263E-09
5.250000E+00	7.94648E-09
5.260000E+00	6.56977E-09
5.270000E+00	6.68520E-09
5.280000E+00	7.30587E-09
5.290000E+00	8.26919E-09
5.300000E+00	6.63075E-09
5.310000E+00	8.86347E-09
5.320000E+00	9.50564E-09
5.330000E+00	9.96023E-09
5.340000E+00	8.98876E-09
5.350000E+00	9.31308E-09
5.360000E+00	6.08731E-09
5.370000E+00	7.02272E-09
5.380000E+00	8.61320E-09
5.390000E+00	8.83228E-09
5.400000E+00	8.73019E-09
5.410000E+00	8.81405E-09
5.420000E+00	6.80701E-09
5.430000E+00	6.20424E-09
5.440000E+00	8.39596E-09
5.450000E+00	1.03800E-08
5.460000E+00	1.01445E-08
5.470000E+00	1.14601E-08
5.480000E+00	1.18011E-08
5.490000E+00	1.15228E-08
5.500000E+00	1.15656E-08
5.510000E+00	1.17105E-08
5.520000E+00	1.18701E-08
5.530000E+00	1.19327E-08
5.540000E+00	1.18406E-08
5.550000E+00	1.18932E-08
5.560000E+00	1.19261E-08
5.570000E+00	1.19425E-08
5.580000E+00	1.19674E-08
5.590000E+00	1.18093E-08
5.600000E+00	1.17550E-08
5.610000E+00	1.16561E-08
5.620000E+00	1.19278E-08
5.630000E+00	1.19426E-08
5.640000E+00	1.16447E-08
5.650000E+00	1.15228E-08
5.660000E+00	1.13795E-08
5.670000E+00	1.13647E-08
5.680000E+00	1.11308E-08
5.690000E+00	1.07917E-08
5.700000E+00	1.07225E-08
5.710000E+00	1.10485E-08
5.720000E+00	1.08329E-08
5.730000E+00	1.08180E-08
5.740000E+00	1.11918E-08
5.750000E+00	1.15623E-08
5.760000E+00	1.17878E-08
5.770000E+00	1.18504E-08
5.780000E+00	1.16348E-08
5.790000E+00	1.20677E-08
5.800000E+00	1.21897E-08
5.810000E+00	1.24349E-08
5.820000E+00	1.29931E-08
5.830000E+00	1.30937E-08
5.840000E+00	1.30046E-08
5.850000E+00	1.32715E-08
5.860000E+00	1.29800E-08
5.870000E+00	1.30589E-08
5.880000E+00	1.32039E-08
5.890000E+00	1.36633E-08
5.900000E+00	1.33456E-08
5.910000E+00	1.33125E-08
5.920000E+00	1.33159E-08
5.930000E+00	1.38148E-08
5.940000E+00	1.39136E-08
5.950000E+00	1.42297E-08
5.960000E+00	1.44948E-08
5.970000E+00	1.49179E-08
5.980000E+00	1.46002E-08
5.990000E+00	1.50250E-08
6.000000E+00	1.47385E-08
6.010000E+00	1.48537E-08
6.020000E+00	1.52605E-08
6.030000E+00	1.53791E-08
6.040000E+00	1.60738E-08
6.050000E+00	1.60772E-08
6.060000E+00	1.54812E-08
6.070000E+00	1.61661E-08
6.080000E+00	1.60163E-08
6.090000E+00	1.69934E-08
6.100000E+00	1.76344E-08
6.110000E+00	1.85401E-08
6.120000E+00	1.99395E-08
6.130000E+00	2.32822E-08
6.140000E+00	2.72182E-08
6.150000E+00	3.41008E-08
6.160000E+00	4.21023E-08
6.170000E+00	5.51605E-08
6.180000E+00	7.38981E-08
6.190000E+00	1.02746E-07
6.200000E+00	1.42676E-07
6.210000E+00	1.79485E-07
6.220000E+00	2.02701E-07
6.230000E+00	2.72343E-07
6.240000E+00	2.11090E-07
6.250000E+00	3.04288E-07
6.260000E+00	2.58355E-07
6.270000E+00	2.61483E-07
6.280000E+00	3.26354E-07
6.290000E+00	1.91669E-07
6.300000E+00	2.33317E-07
6.310000E+00	1.78162E-07
6.320000E+00	1.03536E-07
6.330000E+00	1.35629E-07
6.340000E+00	2.57855E-07
6.350000E+00	1.58709E-07
6.360000E+00	1.03075E-09
6.370000E+00	3.47268E-08
6.380000E+00	9.55172E-10
6.390000E+00	2.38748E-07
6.400000E+00	2.87656E-07
6.410000E+00	2.13729E-07
6.420000E+00	1.85576E-07
6.430000E+00	3.21742E-07
6.440000E+00	2.14379E-09
6.450000E+00	6.03798E-08
6.460000E+00	6.85310E-10
6.470000E+00	9.58810E-08
6.480000E+00	5.52593E-08
6.490000E+00	3.03790E-08
6.500000E+00	2.08462E-08
6.510000E+00	2.35131E-07
6.520000E+00	6.68175E-07
6.530000E+00	5.16692E-07
6.540000E+00	9.61101E-08
6.550000E+00	4.36015E-08
6.560000E+00	7.91677E-09
6.570000E+00	9.45129E-12
6.580000E+00	7.46064E-12
6.590000E+00	5.93596E-12
6.600000E+00	4.91333E-12
6.610000E+00	4.57095E-12
6.620000E+00	4.87553E-12
6.630000E+00	1.06896E-08
6.640000E+00	6.55331E-09
6.650000E+00	8.37609E-12
6.660000E+00	1.00441E-11
6.670000E+00	1.12082E-11
6.680000E+00	1.20168E-11
6.690000E+00	1.25601E-11
6.700000E+00	2.42537E-08
6.710000E+00	1.12395E-11
6.720000E+00	9.46131E-12
6.730000E+00	2.01218E-08
6.740000E+00	5.24763E-07
6.750000E+00	6.42163E-08
6.760000E+00	4.83772E-07
6.770000E+00	4.67622E-07
6.780000E+00	1.28103E-07
6.790000E+00	7.51664E-07
6.800000E+00	1.95941E-07
6.810000E+00	1.01495E-06
6.820000E+00	1.92478E-06
6.830000E+00	1.45113E-06
6.840000E+00	1.82939E-06
6.850000E+00	1.37045E-06
6.860000E+00	3.92551E-07
6.870000E+00	4.23668E-07
6.880000E+00	1.61672E-06
6.890000E+00	2.12569E-06
6.900000E+00	2.87986E-06
6.910000E+00	5.13401E-07
6.920000E+00	2.78931E-06
6.930000E+00	5.05166E-07
6.940000E+00	4.99409E-07
6.950000E+00	4.98086E-07
6.960000E+00	5.03520E-07
6.970000E+00	5.39584E-07
6.980000E+00	1.87550E-06
6.990000E+00	5.62303E-07
7.000000E+00	4.96286E-07
7.010000E+00	1.80799E-06
7.020000E+00	1.02944E-09
7.030000E+00	1.34905E-09
7.040000E+00	8.54247E-08
7.050000E+00	2.27234E-09
7.060000E+00	3.85467E-07
7.070000E+00	3.84809E-09
7.080000E+00	4.96610E-09
7.090000E+00	6.41509E-09
7.100000E+00	7.05070E-07
7.110000E+00	1.07208E-08
7.120000E+00	1.40288E-08
7.130000E+00	1.84418E-08
7.140000E+00	2.43361E-08
7.150000E+00	3.28000E-08
7.160000E+00	1.64274E-06
7.170000E+00	6.14505E-08
7.180000E+00	8.58036E-08
7.190000E+00	1.20677E-07
7.200000E+00	3.89750E-06
7.210000E+00	2.38585E-04
7.220000E+00	2.34806E-04
7.230000E+00	2.93250E-04
7.240000E+00	3.08080E-04
7.250000E+00	2.83545E-04
7.260000E+00	2.97534E-04
7.270000E+00	2.63783E-04
7.280000E+00	1.58695E-04
7.290000E+00	2.25583E-04
7.300000E+00	3.68342E-04
7.310000E+00	4.61204E-04
7.320000E+00	4.90683E-04
7.330000E+00	4.80477E-04
7.340000E+00	5.14223E-04
7.350000E+00	5.01224E-04
7.360000E+00	4.53139E-04
7.370000E+00	4.52320E-04
7.380000E+00	4.29919E-04
7.390000E+00	4.57253E-04
7.400000E+00	4.94635E-04
7.410000E+00	5.77449E-04
7.420000E+00	7.31900E-04
7.430000E+00	9.57483E-04
7.440000E+00	1.24349E-03
7.450000E+00	1.57181E-03
7.460000E+00	1.93311E-03
7.470000E+00	2.33320E-03
7.480000E+00	2.83864E-03
7.490000E+00	3.49893E-03
7.500000E+00	4.43427E-03
7.510000E+00	5.74328E-03
7.520000E+00	7.57261E-03
7.530000E+00	1.00507E-02
7.540000E+00	1.32759E-02
7.550000E+00	1.71907E-02
7.560000E+00	2.17354E-02
7.570000E+00	2.64280E-02
7.580000E+00	3.04776E-02
7.590000E+00	3.35731E-02
7.600000E+00	3.53855E-02
7.610000E+00	3.58791E-02
7.620000E+00	3.52362E-02
7.630000E+00	3.39201E-02
7.640000E+00	3.22736E-02
7.650000E+00	3.07908E-02
7.660000E+00	2.94739E-02
7.670000E+00	2.84863E-02
7.680000E+00	2.76628E-02
7.690000E+00	2.71691E-02
7.700000E+00	2.70039E-02
7.710000E+00	2.70039E-02
7.720000E+00	2.70039E-02
7.730000E+00	2.71682E-02
7.740000E+00	2.73333E-02
7.750000E+00	2.73329E-02
7.760000E+00	2.74974E-02
7.770000E+00	2.76628E-02
7.780000E+00	2.79923E-02
7.790000E+00	2.84852E-02
7.800000E+00	2.89795E-02
7.810000E+00	2.94738E-02
7.820000E+00	2.99680E-02
7.830000E+00	3.04623E-02
7.840000E+00	3.09554E-02
7.850000E+00	3.12854E-02
7.860000E+00	3.16145E-02
7.870000E+00	3.17789E-02
7.880000E+00	3.19442E-02
7.890000E+00	3.21077E-02
7.900000E+00	3.24380E-02
7.910000E+00	3.26018E-02
7.920000E+00	3.29318E-02
7.930000E+00	3.35902E-02
7.940000E+00	3.40844E-02
7.950000E+00	3.47434E-02
7.960000E+00	3.55666E-02
7.970000E+00	3.65546E-02
7.980000E+00	3.75426E-02
7.990000E+00	3.83655E-02
8.000000E+00	3.90238E-02
8.010000E+00	3.95181E-02
8.020000E+00	4.00125E-02
8.030000E+00	4.03412E-02
8.040000E+00	4.06704E-02
8.050000E+00	4.08348E-02
8.060000E+00	4.08350E-02
8.070000E+00	4.10000E-02
8.080000E+00	4.10000E-02
8.090000E+00	4.13288E-02
8.100000E+00	4.14938E-02
8.110000E+00	4.14932E-02
8.120000E+00	4.14938E-02
8.130000E+00	4.13296E-02
8.140000E+00	4.10000E-02
8.150000E+00	4.06699E-02
8.160000E+00	4.01765E-02
8.170000E+00	3.96830E-02
8.180000E+00	3.93533E-02
8.190000E+00	3.91880E-02
8.200000E+00	3.88598E-02
8.210000E+00	3.86943E-02
8.220000E+00	3.83650E-02
8.230000E+00	3.82005E-02
8.240000E+00	3.80364E-02
8.250000E+00	3.77067E-02
8.260000E+00	3.72131E-02
8.270000E+00	3.65538E-02
8.280000E+00	3.58949E-02
8.290000E+00	3.52364E-02
8.300000E+00	3.50723E-02
8.310000E+00	3.50722E-02
8.320000E+00	3.50721E-02
8.330000E+00	3.52365E-02
8.340000E+00	3.52362E-02
8.350000E+00	3.50719E-02
8.360000E+00	3.49079E-02
8.370000E+00	3.49080E-02
8.380000E+00	3.50716E-02
8.390000E+00	3.54017E-02
8.400000E+00	3.57310E-02
8.410000E+00	3.58954E-02
8.420000E+00	3.62245E-02
8.430000E+00	3.65540E-02
8.440000E+00	3.68839E-02
8.450000E+00	3.72130E-02
8.460000E+00	3.77069E-02
8.470000E+00	3.82007E-02
8.480000E+00	3.86946E-02
8.490000E+00	3.91885E-02
8.500000E+00	3.96824E-02
8.510000E+00	4.01763E-02
8.520000E+00	4.05059E-02
8.530000E+00	4.08347E-02
8.540000E+00	4.11639E-02
8.550000E+00	4.14936E-02
8.560000E+00	4.18236E-02
8.570000E+00	4.19883E-02
8.580000E+00	4.21527E-02
8.590000E+00	4.21525E-02
8.600000E+00	4.19872E-02
8.610000E+00	4.18235E-02
8.620000E+00	4.16589E-02
8.630000E+00	4.14936E-02
8.640000E+00	4.11644E-02
8.650000E+00	4.10000E-02
8.660000E+00	4.08349E-02
8.670000E+00	4.06701E-02
8.680000E+00	4.05058E-02
8.690000E+00	4.01761E-02
8.700000E+00	4.00115E-02
8.710000E+00	3.96820E-02
8.720000E+00	3.95183E-02
8.730000E+00	3.93528E-02
8.740000E+00	3.88593E-02
8.750000E+00	3.80354E-02
8.760000E+00	3.62249E-02
8.770000E+00	3.30958E-02
8.780000E+00	2.88155E-02
8.790000E+00	2.46985E-02
8.800000E+00	2.23932E-02
8.810000E+00	2.30522E-02
8.820000E+00	2.58515E-02
8.830000E+00	2.96387E-02
8.840000E+00	3.29321E-02
8.850000E+00	3.52373E-02
8.860000E+00	3.65542E-02
8.870000E+00	3.73777E-02
8.880000E+00	3.78716E-02
8.890000E+00	3.83656E-02
8.900000E+00	3.88596E-02
8.910000E+00	3.93535E-02
8.920000E+00	3.96827E-02
8.930000E+00	4.00123E-02
8.940000E+00	4.01767E-02
8.950000E+00	4.01765E-02
8.960000E+00	4.03415E-02
8.970000E+00	4.05061E-02
8.980000E+00	4.05056E-02
8.990000E+00	4.06707E-02
9.000000E+00	4.06700E-02
9.010000E+00	4.05061E-02
9.020000E+00	4.03415E-02
9.030000E+00	4.01761E-02
9.040000E+00	4.00122E-02
9.050000E+00	3.98475E-02
9.060000E+00	3.98477E-02
9.070000E+00	4.00121E-02
9.080000E+00	4.00121E-02
9.090000E+00	4.01760E-02
9.100000E+00	4.03407E-02
9.110000E+00	4.06707E-02
9.120000E+00	4.06700E-02
9.130000E+00	4.08346E-02
9.140000E+00	4.08348E-02
9.150000E+00	4.06699E-02
9.160000E+00	4.05055E-02
9.170000E+00	4.01767E-02
9.180000E+00	4.00120E-02
9.190000E+00	3.96823E-02
9.200000E+00	3.95174E-02
9.210000E+00	3.95179E-02
9.220000E+00	3.93536E-02
9.230000E+00	3.93532E-02
9.240000E+00	3.91883E-02
9.250000E+00	3.91881E-02
9.260000E+00	3.88596E-02
9.270000E+00	3.88598E-02
9.280000E+00	3.86950E-02
9.290000E+00	3.86943E-02
9.300000E+00	3.88591E-02
9.310000E+00	3.88593E-02
9.320000E+00	3.90236E-02
9.330000E+00	3.90236E-02
9.340000E+00	3.90236E-02
9.350000E+00	3.91882E-02
9.360000E+00	3.91880E-02
9.370000E+00	3.90235E-02
9.380000E+00	3.90235E-02
9.390000E+00	3.90234E-02
9.400000E+00	3.91883E-02
9.410000E+00	3.91881E-02
9.420000E+00	3.93535E-02
9.430000E+00	3.93531E-02
9.440000E+00	3.95180E-02
9.450000E+00	3.96825E-02
9.460000E+00	3.98467E-02
9.470000E+00	4.00116E-02
9.480000E+00	4.03407E-02
9.490000E+00	4.06702E-02
9.500000E+00	4.10000E-02
9.510000E+00	4.13291E-02
9.520000E+00	4.14937E-02
9.530000E+00	4.14942E-02
9.540000E+00	4.14937E-02
9.550000E+00	4.13288E-02
9.560000E+00	4.10000E-02
9.570000E+00	4.08349E-02
9.580000E+00	4.05063E-02
9.590000E+00	4.01762E-02
9.600000E+00	3.98469E-02
9.610000E+00	3.95182E-02
9.620000E+00	3.93534E-02
9.630000E+00	3.91890E-02
9.640000E+00	3.91888E-02
9.650000E+00	3.93534E-02
9.660000E+00	3.95176E-02
9.670000E+00	3.98469E-02
9.680000E+00	4.00114E-02
9.690000E+00	4.03416E-02
9.700000E+00	4.05062E-02
9.710000E+00	4.05057E-02
9.720000E+00	4.05062E-02
9.730000E+00	4.05057E-02
9.740000E+00	4.03409E-02
9.750000E+00	4.01764E-02
9.760000E+00	4.01762E-02
9.770000E+00	4.01760E-02
9.780000E+00	4.01769E-02
9.790000E+00	4.03412E-02
9.800000E+00	4.05061E-02
9.810000E+00	4.06707E-02
9.820000E+00	4.08350E-02
9.830000E+00	4.10000E-02
9.840000E+00	4.11646E-02
9.850000E+00	4.13289E-02
9.860000E+00	4.14939E-02
9.870000E+00	4.16586E-02
9.880000E+00	4.18229E-02
9.890000E+00	4.19879E-02
9.900000E+00	4.23172E-02
9.910000E+00	4.26468E-02
9.920000E+00	4.31401E-02
9.930000E+00	4.34693E-02
9.940000E+00	4.39638E-02
9.950000E+00	4.42925E-02
9.960000E+00	4.46225E-02
9.970000E+00	4.49519E-02
9.980000E+00	4.51162E-02
9.990000E+00	4.54454E-02
1.000000E+01	4.56100E-02
1.001000E+01	4.59391E-02
1.002000E+01	4.64331E-02
1.003000E+01	4.67627E-02
1.004000E+01	4.72570E-02
1.005000E+01	4.79154E-02
1.006000E+01	4.85746E-02
1.007000E+01	4.92324E-02
1.008000E+01	4.97262E-02
1.009000E+01	5.03855E-02
1.010000E+01	5.10436E-02
1.011000E+01	5.15381E-02
1.012000E+01	5.20316E-02
1.013000E+01	5.25262E-02
1.014000E+01	5.28550E-02
1.015000E+01	5.31842E-02
1.016000E+01	5.35138E-02
1.017000E+01	5.38427E-02
1.018000E+01	5.38428E-02
1.019000E+01	5.38430E-02
1.020000E+01	5.36784E-02
1.021000E+01	5.33487E-02
1.022000E+01	5.30196E-02
1.023000E+01	5.26901E-02
1.024000E+01	5.23613E-02
1.025000E+01	5.21961E-02
1.026000E+01	5.18674E-02
1.027000E+01	5.13729E-02
1.028000E+01	5.10438E-02
1.029000E+01	5.05500E-02
1.030000E+01	5.02204E-02
1.031000E+01	4.97265E-02
1.032000E+01	4.95620E-02
1.033000E+01	4.93969E-02
1.034000E+01	4.92331E-02
1.035000E+01	4.92329E-02
1.036000E+01	4.92326E-02
1.037000E+01	4.92324E-02
1.038000E+01	4.92331E-02
1.039000E+01	4.90683E-02
1.040000E+01	4.89038E-02
1.041000E+01	4.87387E-02
1.042000E+01	4.85739E-02
1.043000E+01	4.84094E-02
1.044000E+01	4.80805E-02
1.045000E+01	4.80804E-02
1.046000E+01	4.79159E-02
1.047000E+01	4.79150E-02
1.048000E+01	4.79151E-02
1.049000E+01	4.80801E-02
1.050000E+01	4.82448E-02
1.051000E+01	4.84091E-02
1.052000E+01	4.85741E-02
1.053000E+01	4.85736E-02
1.054000E+01	4.87391E-02
1.055000E+01	4.89033E-02
1.056000E+01	4.90682E-02
1.057000E+01	4.92327E-02
1.058000E+01	4.95624E-02
1.059000E+01	4.97271E-02
1.060000E+01	5.00557E-02
1.061000E+01	5.02205E-02
1.062000E+01	5.03851E-02
1.063000E+01	5.05503E-02
1.064000E+01	5.07143E-02
1.065000E+01	5.08789E-02
1.066000E+01	5.10441E-02
1.067000E+01	5.12090E-02
1.068000E+01	5.15375E-02
1.069000E+01	5.17025E-02
1.070000E+01	5.17028E-02
1.071000E+01	5.18674E-02
1.072000E+01	5.18675E-02
1.073000E+01	5.17027E-02
1.074000E+01	5.15382E-02
1.075000E+01	5.13730E-02
1.076000E+01	5.12082E-02
1.077000E+01	5.10436E-02
1.078000E+01	5.08794E-02
1.079000E+01	5.07146E-02
1.080000E+01	5.07148E-02
1.081000E+01	5.07151E-02
1.082000E+01	5.08789E-02
1.083000E+01	5.10443E-02
1.084000E+01	5.12085E-02
1.085000E+01	5.13733E-02
1.086000E+01	5.15378E-02
1.087000E+01	5.15382E-02
1.088000E+01	5.13732E-02
1.089000E+01	5.12084E-02
1.090000E+01	5.10440E-02
1.091000E+01	5.07149E-02
1.092000E+01	5.03855E-02
1.093000E+01	5.02205E-02
1.094000E+01	4.98912E-02
1.095000E+01	4.95616E-02
1.096000E+01	4.93978E-02
1.097000E+01	4.92325E-02
1.098000E+01	4.90683E-02
1.099000E+01	4.90682E-02
1.100000E+01	4.90682E-02
1.101000E+01	4.90681E-02
1.102000E+01	4.92323E-02
1.103000E+01	4.93971E-02
1.104000E+01	4.95616E-02
1.105000E+01	4.95620E-02
1.106000E+01	4.95624E-02
1.107000E+01	4.93975E-02
1.108000E+01	4.92329E-02
1.109000E+01	4.92326E-02
1.110000E+01	4.90685E-02
1.111000E+01	4.90684E-02
1.112000E+01	4.89038E-02
1.113000E+01	4.89030E-02
1.114000E+01	4.89031E-02
1.115000E+01	4.87390E-02
1.116000E+01	4.87384E-02
1.117000E+01	4.84091E-02
1.118000E+01	4.82451E-02
1.119000E+01	4.79151E-02
1.120000E+01	4.75857E-02
1.121000E+01	4.72569E-02
1.122000E+01	4.69278E-02
1.123000E+01	4.65984E-02
1.124000E+01	4.64333E-02
1.125000E+01	4.62684E-02
1.126000E+01	4.61039E-02
1.127000E+01	4.61038E-02
1.128000E+01	4.62686E-02
1.129000E+01	4.62693E-02
1.130000E+01	4.64336E-02
1.131000E+01	4.65986E-02
1.132000E+01	4.69276E-02
1.133000E+01	4.70918E-02
1.134000E+01	4.72566E-02
1.135000E+01	4.74211E-02
1.136000E+01	4.75863E-02
1.137000E+01	4.75858E-02
1.138000E+01	4.77504E-02
1.139000E+01	4.77507E-02
1.140000E+01	4.79158E-02
1.141000E+01	4.79159E-02
1.142000E+01	4.80797E-02
1.143000E+01	4.82450E-02
1.144000E+01	4.84091E-02
1.145000E+01	4.85738E-02
1.146000E+01	4.87391E-02
1.147000E+01	4.90680E-02
1.148000E+01	4.92326E-02
1.149000E+01	4.95622E-02
1.150000E+01	4.97270E-02
1.151000E+01	5.00556E-02
1.152000E+01	5.03854E-02
1.153000E+01	5.07147E-02
1.154000E+01	5.10442E-02
1.155000E+01	5.13732E-02
1.156000E+01	5.17024E-02
1.157000E+01	5.18669E-02
1.158000E+01	5.20320E-02
1.159000E+01	5.21967E-02
1.160000E+01	5.21966E-02
1.161000E+01	5.23609E-02
1.162000E+01	5.23614E-02
1.163000E+01	5.25262E-02
1.164000E+01	5.25258E-02
1.165000E+01	5.26901E-02
1.166000E+01	5.26904E-02
1.167000E+01	5.28552E-02
1.168000E+01	5.28553E-02
1.169000E+01	5.28554E-02
1.170000E+01	5.28556E-02
1.171000E+01	5.26909E-02
1.172000E+01	5.25256E-02
1.173000E+01	5.21969E-02
1.174000E+01	5.18671E-02
1.175000E+01	5.17030E-02
1.176000E+01	5.13733E-02
1.177000E+01	5.10442E-02
1.178000E+01	5.08795E-02
1.179000E+01	5.07150E-02
1.180000E+01	5.05500E-02
1.181000E+01	5.05504E-02
1.182000E+01	5.03849E-02
1.183000E+01	5.03855E-02
1.184000E+01	5.03851E-02
1.185000E+01	5.02203E-02
1.186000E+01	5.00556E-02
1.187000E+01	4.98913E-02
1.188000E+01	4.97264E-02
1.189000E+01	4.95618E-02
1.190000E+01	4.92328E-02
1.191000E+01	4.90680E-02
1.192000E+01	4.89035E-02
1.193000E+01	4.87385E-02
1.194000E+01	4.85737E-02
1.195000E+01	4.85741E-02
1.196000E+01	4.84097E-02
1.197000E+01	4.84094E-02
1.198000E+01	4.84090E-02
1.199000E+01	4.82444E-02
1.200000E+01	4.82450E-02
1.201000E+01	4.80799E-02
1.202000E+01	4.79151E-02
1.203000E+01	4.77506E-02
1.204000E+01	4.75864E-02
1.205000E+01	4.74216E-02
1.206000E+01	4.70920E-02
1.207000E+01	4.69271E-02
1.208000E+01	4.65985E-02
1.209000E+01	4.65980E-02
1.210000E+01	4.64339E-02
1.211000E+01	4.64335E-02
1.212000E+01	4.64332E-02
1.213000E+01	4.65985E-02
1.214000E+01	4.67628E-02
1.215000E+01	4.69276E-02
1.216000E+01	4.70921E-02
1.217000E+01	4.72572E-02
1.218000E+01	4.74212E-02
1.219000E+01	4.75857E-02
1.220000E+01	4.79156E-02
1.221000E+01	4.79156E-02
1.222000E+01	4.80802E-02
1.223000E+01	4.82445E-02
1.224000E+01	4.82451E-02
1.225000E+01	4.84098E-02
1.226000E+01	4.84095E-02
1.227000E+01	4.84091E-02
1.228000E+01	4.85741E-02
1.229000E+01	4.85745E-02
1.230000E+01	4.87390E-02
1.231000E+01	4.89033E-02
1.232000E+01	4.92330E-02
1.233000E+01	4.95620E-02
1.234000E+01	4.98914E-02
1.235000E+01	5.02202E-02
1.236000E+01	5.05502E-02
1.237000E+01	5.08795E-02
1.238000E+01	5.12084E-02
1.239000E+01	5.17022E-02
1.240000E+01	5.20323E-02
1.241000E+01	5.25262E-02
1.242000E+01	5.30201E-02
1.243000E+01	5.33492E-02
1.244000E+01	5.38432E-02
1.245000E+01	5.41727E-02
1.246000E+01	5.46661E-02
1.247000E+01	5.49960E-02
1.248000E+01	5.53253E-02
1.249000E+01	5.54900E-02
1.250000E+01	5.56544E-02
1.251000E+01	5.58193E-02
1.252000E+01	5.59840E-02
1.253000E+01	5.58188E-02
1.254000E+01	5.58190E-02
1.255000E+01	5.56542E-02
1.256000E+01	5.54896E-02
1.257000E+01	5.53254E-02
1.258000E+01	5.51606E-02
1.259000E+01	5.49960E-02
1.260000E+01	5.49960E-02
1.261000E+01	5.49960E-02
1.262000E+01	5.49960E-02
1.263000E+01	5.51607E-02
1.264000E+01	5.53252E-02
1.265000E+01	5.54893E-02
1.266000E+01	5.56540E-02
1.267000E+01	5.56377E-02
1.268000E+01	5.58028E-02
1.269000E+01	5.58022E-02
1.270000E+01	5.58024E-02
1.271000E+01	5.58025E-02
1.272000E+01	5.58027E-02
1.273000E+01	5.58193E-02
1.274000E+01	5.58187E-02
1.275000E+01	5.58188E-02
1.276000E+01	5.59835E-02
1.277000E+01	5.59836E-02
1.278000E+01	5.61487E-02
1.279000E+01	5.63127E-02
1.280000E+01	5.64773E-02
1.281000E+01	5.66425E-02
1.282000E+01	5.69719E-02
1.283000E+01	5.73009E-02
1.284000E+01	5.76301E-02
1.285000E+01	5.79595E-02
1.286000E+01	5.84533E-02
1.287000E+01	5.87832E-02
1.288000E+01	5.91118E-02
1.289000E+01	5.96059E-02
1.290000E+01	5.97705E-02
1.291000E+01	6.00999E-02
1.292000E+01	6.02647E-02
1.293000E+01	6.04292E-02
1.294000E+01	6.04297E-02
1.295000E+01	6.05938E-02
1.296000E+01	6.05941E-02
1.297000E+01	6.04295E-02
1.298000E+01	6.04291E-02
1.299000E+01	6.04296E-02
1.300000E+01	6.04292E-02
1.301000E+01	6.04297E-02
1.302000E+01	6.04293E-02
1.303000E+01	6.05940E-02
1.304000E+01	6.07584E-02
1.305000E+01	6.09234E-02
1.306000E+01	6.10881E-02
1.307000E+01	6.14178E-02
1.308000E+01	6.19113E-02
1.309000E+01	6.22406E-02
1.310000E+01	6.27344E-02
1.311000E+01	6.32288E-02
1.312000E+01	6.37226E-02
1.313000E+01	6.42163E-02
1.314000E+01	6.45457E-02
1.315000E+01	6.50395E-02
1.316000E+01	6.55342E-02
1.317000E+01	6.58633E-02
1.318000E+01	6.61927E-02
1.319000E+01	6.65216E-02
1.320000E+01	6.68508E-02
1.321000E+01	6.71802E-02
1.322000E+01	6.73449E-02
1.323000E+01	6.75094E-02
1.324000E+01	6.76745E-02
1.325000E+01	6.78392E-02
1.326000E+01	6.80038E-02
1.327000E+01	6.81680E-02
1.328000E+01	6.81687E-02
1.329000E+01	6.81685E-02
1.330000E+01	6.81684E-02
1.331000E+01	6.81683E-02
1.332000E+01	6.80038E-02
1.333000E+01	6.78387E-02
1.334000E+01	6.75097E-02
1.335000E+01	6.73453E-02
1.336000E+01	6.71804E-02
1.337000E+01	6.68512E-02
1.338000E+01	6.66861E-02
1.339000E+01	6.65220E-02
1.340000E+01	6.63575E-02
1.341000E+01	6.63572E-02
1.342000E+01	6.63569E-02
1.343000E+01	6.63574E-02
1.344000E+01	6.63571E-02
1.345000E+01	6.65219E-02
1.346000E+01	6.65215E-02
1.347000E+01	6.66867E-02
1.348000E+01	6.66862E-02
1.349000E+01	6.68510E-02
1.350000E+01	6.68511E-02
1.351000E+01	6.68512E-02
1.352000E+01	6.68513E-02
1.353000E+01	6.68514E-02
1.354000E+01	6.68508E-02
1.355000E+01	6.68509E-02
1.356000E+01	6.68510E-02
1.357000E+01	6.70155E-02
1.358000E+01	6.70155E-02
1.359000E+01	6.71803E-02
1.360000E+01	6.71801E-02
1.361000E+01	6.73453E-02
1.362000E+01	6.73451E-02
1.363000E+01	6.75099E-02
1.364000E+01	6.75095E-02
1.365000E+01	6.75099E-02
1.366000E+01	6.73448E-02
1.367000E+01	6.73453E-02
1.368000E+01	6.71806E-02
1.369000E+01	6.70161E-02
1.370000E+01	6.68511E-02
1.371000E+01	6.66864E-02
1.372000E+01	6.65219E-02
1.373000E+01	6.63569E-02
1.374000E+01	6.61921E-02
1.375000E+01	6.60276E-02
1.376000E+01	6.60276E-02
1.377000E+01	6.60276E-02
1.378000E+01	6.60276E-02
1.379000E+01	6.60276E-02
1.380000E+01	6.61928E-02
1.381000E+01	6.61926E-02
1.382000E+01	6.63575E-02
1.383000E+01	6.65221E-02
1.384000E+01	6.65217E-02
1.385000E+01	6.65220E-02
1.386000E+01	6.66861E-02
1.387000E+01	6.66864E-02
1.388000E+01	6.66866E-02
1.389000E+01	6.66861E-02
1.390000E+01	6.66863E-02
1.391000E+01	6.68512E-02
1.392000E+01	6.68513E-02
1.393000E+01	6.68514E-02
1.394000E+01	6.70158E-02
1.395000E+01	6.71806E-02
1.396000E+01	6.73453E-02
1.397000E+01	6.75097E-02
1.398000E+01	6.76745E-02
1.399000E+01	6.78392E-02
1.400000E+01	6.81686E-02
1.401000E+01	6.83333E-02
1.402000E+01	6.84979E-02
1.403000E+01	6.86622E-02
1.404000E+01	6.88269E-02
1.405000E+01	6.88270E-02
1.406000E+01	6.89915E-02
1.407000E+01	6.89915E-02
1.408000E+01	6.88267E-02
1.409000E+01	6.88268E-02
1.410000E+01	6.86624E-02
1.411000E+01	6.86627E-02
1.412000E+01	6.84979E-02
1.413000E+01	6.83333E-02
1.414000E+01	6.83331E-02
1.415000E+01	6.83329E-02
1.416000E+01	6.81681E-02
1.417000E+01	6.83331E-02
1.418000E+01	6.83329E-02
1.419000E+01	6.84975E-02
1.420000E+01	6.84979E-02
1.421000E+01	6.86622E-02
1.422000E+01	6.88270E-02
1.423000E+01	6.88271E-02
1.424000E+01	6.89916E-02
1.425000E+01	6.89916E-02
1.426000E+01	6.89916E-02
1.427000E+01	6.88269E-02
1.428000E+01	6.86625E-02
1.429000E+01	6.86620E-02
1.430000E+01	6.84979E-02
1.431000E+01	6.83333E-02
1.432000E+01	6.83331E-02
1.433000E+01	6.81682E-02
1.434000E+01	6.81681E-02
1.435000E+01	6.81686E-02
1.436000E+01	6.83329E-02
1.437000E+01	6.83333E-02
1.438000E+01	6.84979E-02
1.439000E+01	6.86623E-02
1.440000E+01	6.88271E-02
1.441000E+01	6.88272E-02
1.442000E+01	6.89917E-02
1.443000E+01	6.91566E-02
1.444000E+01	6.91565E-02
1.445000E+01	6.91564E-02
1.446000E+01	6.91563E-02
1.447000E+01	6.89917E-02
1.448000E+01	6.88267E-02
1.449000E+01	6.86625E-02
1.450000E+01	6.84979E-02
1.451000E+01	6.83329E-02
1.452000E+01	6.81680E-02
1.453000E+01	6.80034E-02
1.454000E+01	6.78391E-02
1.455000E+01	6.76742E-02
1.456000E+01	6.75096E-02
1.457000E+01	6.73452E-02
1.458000E+01	6.71804E-02
1.459000E+01	6.70158E-02
1.460000E+01	6.68514E-02
1.461000E+01	6.66865E-02
1.462000E+01	6.65219E-02
1.463000E+01	6.63568E-02
1.464000E+01	6.61926E-02
1.465000E+01	6.60280E-02
1.466000E+01	6.58629E-02
1.467000E+01	6.56987E-02
1.468000E+01	6.55341E-02
1.469000E+01	6.55337E-02
1.470000E+01	6.53694E-02
1.471000E+01	6.53691E-02
1.472000E+01	6.52045E-02
1.473000E+01	6.52043E-02
1.474000E+01	6.50400E-02
1.475000E+01	6.50400E-02
1.476000E+01	6.50400E-02
1.477000E+01	6.48754E-02
1.478000E+01	6.47104E-02
1.479000E+01	6.45456E-02
1.480000E+01	6.43811E-02
1.481000E+01	6.43815E-02
1.482000E+01	6.40520E-02
1.483000E+01	6.38874E-02
1.484000E+01	6.37224E-02
1.485000E+01	6.35582E-02
1.486000E+01	6.33930E-02
1.487000E+01	6.32286E-02
1.488000E+01	6.30638E-02
1.489000E+01	6.28993E-02
1.490000E+01	6.27349E-02
1.491000E+01	6.25701E-02
1.492000E+01	6.24055E-02
1.493000E+01	6.20757E-02
1.494000E+01	6.19116E-02
1.495000E+01	6.17465E-02
1.496000E+01	6.14171E-02
1.497000E+01	6.12525E-02
1.498000E+01	6.10881E-02
1.499000E+01	6.07585E-02
1.500000E+01	6.05940E-02
1.501000E+01	6.04297E-02
1.502000E+01	6.02650E-02
1.503000E+01	6.00998E-02
1.504000E+01	5.99355E-02
1.505000E+01	5.97708E-02
1.506000E+01	5.96062E-02
1.507000E+01	5.94413E-02
1.508000E+01	5.92765E-02
1.509000E+01	5.91120E-02
1.510000E+01	5.87828E-02
1.511000E+01	5.86181E-02
1.512000E+01	5.84537E-02
1.513000E+01	5.81243E-02
1.514000E+01	5.77946E-02
1.515000E+01	5.74653E-02
1.516000E+01	5.71365E-02
1.517000E+01	5.66421E-02
1.518000E+01	5.61482E-02
1.519000E+01	5.56544E-02
1.520000E+01	5.51605E-02
1.521000E+01	5.46667E-02
1.522000E+01	5.40079E-02
1.523000E+01	5.35141E-02
1.524000E+01	5.28550E-02
1.525000E+01	5.23613E-02
1.526000E+01	5.18670E-02
1.527000E+01	5.12089E-02
1.528000E+01	5.07147E-02
1.529000E+01	5.02204E-02
1.530000E+01	4.97268E-02
1.531000E+01	4.92325E-02
1.532000E+01	4.89034E-02
1.533000E+01	4.84097E-02
1.534000E+01	4.79153E-02
1.535000E+01	4.74215E-02
1.536000E+01	4.69277E-02
1.537000E+01	4.64333E-02
1.538000E+01	4.59558E-02
1.539000E+01	4.54620E-02
1.540000E+01	4.49682E-02
1.541000E+01	4.44744E-02
1.542000E+01	4.39799E-02
1.543000E+01	4.36345E-02
1.544000E+01	4.31405E-02
1.545000E+01	4.28110E-02
1.546000E+01	4.26462E-02
1.547000E+01	4.23174E-02
1.548000E+01	4.21525E-02
1.549000E+01	4.19877E-02
1.550000E+01	4.18232E-02
1.551000E+01	4.18233E-02
1.552000E+01	4.18228E-02
1.553000E+01	4.16587E-02
1.554000E+01	4.16583E-02
1.555000E+01	4.16585E-02
1.556000E+01	4.16587E-02
1.557000E+01	4.16583E-02
1.558000E+01	4.18228E-02
1.559000E+01	4.18230E-02
1.560000E+01	4.18231E-02
1.561000E+01	4.18232E-02
1.562000E+01	4.19878E-02
1.563000E+01	4.19878E-02
1.564000E+01	4.21522E-02
1.565000E+01	4.21527E-02
1.566000E+01	4.23174E-02
1.567000E+01	4.23172E-02
1.568000E+01	4.24815E-02
1.569000E+01	4.24818E-02
1.570000E+01	4.24815E-02
1.571000E+01	4.26461E-02
1.572000E+01	4.26463E-02
1.573000E+01	4.26465E-02
1.574000E+01	4.26461E-02
1.575000E+01	4.24819E-02
1.576000E+01	4.24816E-02
1.577000E+01	4.24819E-02
1.578000E+01	4.23169E-02
1.579000E+01	4.23173E-02
1.580000E+01	4.21525E-02
1.581000E+01	4.19880E-02
1.582000E+01	4.19880E-02
1.583000E+01	4.18231E-02
1.584000E+01	4.16585E-02
1.585000E+01	4.14940E-02
1.586000E+01	4.11646E-02
1.587000E+01	4.10000E-02
1.588000E+01	4.08350E-02
1.589000E+01	4.05060E-02
1.590000E+01	4.03409E-02
1.591000E+01	4.00119E-02
1.592000E+01	3.96828E-02
1.593000E+01	3.95179E-02
1.594000E+01	3.91888E-02
1.595000E+01	3.88596E-02
1.596000E+01	3.86949E-02
1.597000E+01	3.83651E-02
1.598000E+01	3.82009E-02
1.599000E+01	3.80363E-02
1.600000E+01	3.78713E-02
1.601000E+01	3.77064E-02
1.602000E+01	3.75418E-02
1.603000E+01	3.73774E-02
1.604000E+01	3.73772E-02
1.605000E+01	3.72125E-02
1.606000E+01	3.72130E-02
1.607000E+01	3.72128E-02
1.608000E+01	3.72127E-02
1.609000E+01	3.72126E-02
1.610000E+01	3.70478E-02
1.611000E+01	3.70478E-02
1.612000E+01	3.70478E-02
1.613000E+01	3.68834E-02
1.614000E+01	3.68835E-02
1.615000E+01	3.68836E-02
1.616000E+01	3.67184E-02
1.617000E+01	3.65541E-02
1.618000E+01	3.65538E-02
1.619000E+01	3.63891E-02
1.620000E+01	3.62247E-02
1.621000E+01	3.60598E-02
1.622000E+01	3.58952E-02
1.623000E+01	3.57307E-02
1.624000E+01	3.54015E-02
1.625000E+01	3.52369E-02
1.626000E+01	3.49077E-02
1.627000E+01	3.45784E-02
1.628000E+01	3.42488E-02
1.629000E+01	3.39196E-02
1.630000E+01	3.34258E-02
1.631000E+01	3.29313E-02
1.632000E+01	3.24540E-02
1.633000E+01	3.19602E-02
1.634000E+01	3.14663E-02
1.635000E+01	3.08073E-02
1.636000E+01	3.01491E-02
1.637000E+01	2.94899E-02
1.638000E+01	2.88315E-02
1.639000E+01	2.81727E-02
1.640000E+01	2.75140E-02
1.641000E+01	2.66910E-02
1.642000E+01	2.60323E-02
1.643000E+01	2.52094E-02
1.644000E+01	2.45505E-02
1.645000E+01	2.37271E-02
1.646000E+01	2.29040E-02
1.647000E+01	2.22453E-02
1.648000E+01	2.14217E-02
1.649000E+01	2.05985E-02
1.650000E+01	1.99400E-02
1.651000E+01	1.91169E-02
1.652000E+01	1.84582E-02
1.653000E+01	1.76346E-02
1.654000E+01	1.69764E-02
1.655000E+01	1.61795E-02
1.656000E+01	1.54698E-02
1.657000E+01	1.47779E-02
1.658000E+01	1.41176E-02
1.659000E+01	1.34424E-02
1.660000E+01	1.28169E-02
1.661000E+01	1.22095E-02
1.662000E+01	1.16167E-02
1.663000E+01	1.10403E-02
1.664000E+01	1.04820E-02
1.665000E+01	9.97177E-03
1.666000E+01	9.46098E-03
1.667000E+01	8.96701E-03
1.668000E+01	8.52098E-03
1.669000E+01	8.09287E-03
1.670000E+01	7.67964E-03
1.671000E+01	7.29922E-03
1.672000E+01	6.92045E-03
1.673000E+01	6.57322E-03
1.674000E+01	6.26045E-03
1.675000E+01	5.93099E-03
1.676000E+01	5.65107E-03
1.677000E+01	5.38760E-03
1.678000E+01	5.12414E-03
1.679000E+01	4.89363E-03
1.680000E+01	4.66476E-03
1.681000E+01	4.44908E-03
1.682000E+01	4.25149E-03
1.683000E+01	4.05389E-03
1.684000E+01	3.88919E-03
1.685000E+01	3.72291E-03
1.686000E+01	3.55824E-03
1.687000E+01	3.41008E-03
1.688000E+01	3.26025E-03
1.689000E+01	3.12848E-03
1.690000E+01	3.01160E-03
1.691000E+01	2.87989E-03
1.692000E+01	2.77943E-03
1.693000E+01	2.66415E-03
1.694000E+01	2.56535E-03
1.695000E+01	2.48307E-03
1.696000E+01	2.38426E-03
1.697000E+01	2.30194E-03
1.698000E+01	2.21961E-03
1.699000E+01	2.15374E-03
1.700000E+01	2.08788E-03
1.701000E+01	2.02199E-03
1.702000E+01	1.95611E-03
1.703000E+01	1.89025E-03
1.704000E+01	1.83920E-03
1.705000E+01	1.77501E-03
1.706000E+01	1.72397E-03
1.707000E+01	1.67458E-03
1.708000E+01	1.62037E-03
1.709000E+01	1.56870E-03
1.710000E+01	1.51813E-03
1.711000E+01	1.46610E-03
1.712000E+01	1.41291E-03
1.713000E+01	1.36071E-03
1.714000E+01	1.30723E-03
1.715000E+01	1.25073E-03
1.716000E+01	1.19557E-03
1.717000E+01	1.13698E-03
1.718000E+01	1.07672E-03
1.719000E+01	1.01611E-03
1.720000E+01	9.55814E-04
1.721000E+01	8.93783E-04
1.722000E+01	8.31823E-04
1.723000E+01	7.69588E-04
1.724000E+01	7.08991E-04
1.725000E+01	6.46609E-04
1.726000E+01	5.87312E-04
1.727000E+01	5.27892E-04
1.728000E+01	4.68287E-04
1.729000E+01	4.10821E-04
1.730000E+01	3.58133E-04
1.731000E+01	3.04125E-04
1.732000E+01	2.55716E-04
1.733000E+01	2.05822E-04
1.734000E+01	1.60773E-04
1.735000E+01	1.08726E-04
1.736000E+01	1.15311E-04
1.737000E+01	7.28440E-05
1.738000E+01	3.79373E-04
1.739000E+01	4.06538E-04
1.740000E+01	4.09339E-04
1.741000E+01	3.86123E-04
1.742000E+01	3.34093E-04
1.743000E+01	2.61807E-04
1.744000E+01	1.74375E-04
1.745000E+01	7.20057E-05
1.746000E+01	1.87050E-04
1.747000E+01	3.85793E-05
1.748000E+01	1.05892E-04
1.749000E+01	1.44946E-04
1.750000E+01	1.66303E-04
1.751000E+01	2.24757E-04
1.752000E+01	2.18664E-04
1.753000E+01	1.80793E-04
1.754000E+01	1.51619E-04
1.755000E+01	1.26638E-04
1.756000E+01	1.03998E-04
1.757000E+01	8.28401E-05
1.758000E+01	5.98180E-05
1.759000E+01	6.90563E-05
1.760000E+01	6.24886E-05
1.761000E+01	5.69392E-05
1.762000E+01	5.22128E-05
1.763000E+01	4.83437E-05
1.764000E+01	4.36015E-05
1.765000E+01	3.59615E-05
1.766000E+01	3.36891E-05
1.767000E+01	3.07912E-05
1.768000E+01	2.79095E-05
1.769000E+01	2.51266E-05
1.770000E+01	2.25085E-05
1.771000E+01	1.95776E-05
1.772000E+01	1.82771E-05
1.773000E+01	1.70423E-05
1.774000E+01	1.60147E-05
1.775000E+01	1.51121E-05
1.776000E+01	1.42725E-05
1.777000E+01	1.33635E-05
1.778000E+01	1.25900E-05
1.779000E+01	1.18983E-05
1.780000E+01	1.12888E-05
1.781000E+01	1.07704E-05
1.782000E+01	1.02761E-05
1.783000E+01	9.83343E-06
1.784000E+01	9.42993E-06
1.785000E+01	9.07115E-06
1.786000E+01	8.72844E-06
1.787000E+01	8.42417E-06
1.788000E+01	8.11409E-06
1.789000E+01	7.96423E-06
1.790000E+01	7.80950E-06
1.791000E+01	7.67002E-06
1.792000E+01	7.52679E-06
1.793000E+01	7.39989E-06
1.794000E+01	7.26979E-06
1.795000E+01	7.13983E-06
1.796000E+01	8.01893E-06
1.797000E+01	8.28047E-06
1.798000E+01	8.34316E-06
1.799000E+01	8.30350E-06
1.800000E+01	8.25111E-06
1.801000E+01	8.15380E-06
1.802000E+01	8.11265E-06
1.803000E+01	7.92845E-06
1.804000E+01	7.58758E-06
1.805000E+01	6.57784E-06
1.806000E+01	6.61240E-06
1.807000E+01	6.63752E-06
1.808000E+01	6.64712E-06
1.809000E+01	6.67828E-06
1.810000E+01	6.69171E-06
1.811000E+01	6.72612E-06
1.812000E+01	6.74283E-06
1.813000E+01	6.76724E-06
1.814000E+01	6.77233E-06
1.815000E+01	6.76749E-06
1.816000E+01	6.77753E-06
1.817000E+01	6.78536E-06
1.818000E+01	6.78218E-06
1.819000E+01	7.78670E-06
1.820000E+01	8.16209E-06
1.821000E+01	8.31686E-06
1.822000E+01	8.32821E-06
1.823000E+01	8.26769E-06
1.824000E+01	8.17050E-06
1.825000E+01	7.98740E-06
1.826000E+01	7.74699E-06
1.827000E+01	7.41270E-06
1.828000E+01	7.04759E-06
1.829000E+01	6.50410E-06
1.830000E+01	6.43497E-06
1.831000E+01	6.34899E-06
1.832000E+01	6.24727E-06
1.833000E+01	6.16312E-06
1.834000E+01	6.07906E-06
1.835000E+01	5.99673E-06
1.836000E+01	5.91285E-06
1.837000E+01	5.83070E-06
1.838000E+01	5.74810E-06
1.839000E+01	5.65090E-06
1.840000E+01	5.52446E-06
1.841000E+01	5.39750E-06
1.842000E+01	5.27237E-06
1.843000E+01	5.16202E-06
1.844000E+01	5.03525E-06
1.845000E+01	4.69767E-06
1.846000E+01	5.24930E-06
1.847000E+01	5.37114E-06
1.848000E+01	5.39091E-06
1.849000E+01	5.35960E-06
1.850000E+01	5.30032E-06
1.851000E+01	5.21799E-06
1.852000E+01	5.10437E-06
1.853000E+01	5.00232E-06
1.854000E+01	4.88209E-06
1.855000E+01	4.73062E-06
1.856000E+01	4.57419E-06
1.857000E+01	4.40296E-06
1.858000E+01	4.23009E-06
1.859000E+01	4.10000E-06
1.860000E+01	4.03903E-06
1.861000E+01	4.01929E-06
1.862000E+01	3.96992E-06
1.863000E+01	3.87440E-06
1.864000E+01	3.66529E-06
1.865000E+01	3.27668E-06
1.866000E+01	3.24046E-06
1.867000E+01	3.20423E-06
1.868000E+01	3.18448E-06
1.869000E+01	3.15152E-06
1.870000E+01	3.11695E-06
1.871000E+01	3.10214E-06
1.872000E+01	3.07089E-06
1.873000E+01	3.05771E-06
1.874000E+01	3.41830E-06
1.875000E+01	3.50555E-06
1.876000E+01	3.52862E-06
1.877000E+01	3.49568E-06
1.878000E+01	3.41502E-06
1.879000E+01	3.24540E-06
1.880000E+01	2.89468E-06
1.881000E+01	2.86831E-06
1.882000E+01	2.85845E-06
1.883000E+01	2.83048E-06
1.884000E+01	2.80414E-06
1.885000E+01	2.77777E-06
1.886000E+01	2.76628E-06
1.887000E+01	2.73990E-06
1.888000E+01	2.71192E-06
1.889000E+01	2.68391E-06
1.890000E+01	2.67074E-06
1.891000E+01	2.62464E-06
1.892000E+01	2.83705E-06
1.893000E+01	2.92430E-06
1.894000E+01	2.98031E-06
1.895000E+01	3.01325E-06
1.896000E+01	3.01651E-06
1.897000E+01	2.99020E-06
1.898000E+01	2.93419E-06
1.899000E+01	2.76788E-06
1.900000E+01	2.38753E-06
1.901000E+01	2.35623E-06
1.902000E+01	2.32497E-06
1.903000E+01	2.29369E-06
1.904000E+01	2.26239E-06
1.905000E+01	2.23113E-06
1.906000E+01	2.21464E-06
1.907000E+01	2.18170E-06
1.908000E+01	2.19984E-06
1.909000E+01	2.48800E-06
1.910000E+01	2.50775E-06
1.911000E+01	2.49126E-06
1.912000E+01	2.44519E-06
1.913000E+01	2.36613E-06
1.914000E+01	2.28710E-06
1.915000E+01	2.21133E-06
1.916000E+01	2.14055E-06
1.917000E+01	2.07303E-06
1.918000E+01	2.04009E-06
1.919000E+01	2.02366E-06
1.920000E+01	2.02198E-06
1.921000E+01	2.03847E-06
1.922000E+01	2.06644E-06
1.923000E+01	2.10270E-06
1.924000E+01	2.13560E-06
1.925000E+01	2.17844E-06
1.926000E+01	2.19652E-06
1.927000E+01	2.20311E-06
1.928000E+01	2.19984E-06
1.929000E+01	2.19653E-06
1.930000E+01	2.17181E-06
1.931000E+01	2.13723E-06
1.932000E+01	2.09446E-06
1.933000E+01	2.04832E-06
1.934000E+01	2.01375E-06
1.935000E+01	1.97096E-06
1.936000E+01	1.95119E-06
1.937000E+01	1.92158E-06
1.938000E+01	1.90836E-06
1.939000E+01	1.87875E-06
1.940000E+01	1.85732E-06
1.941000E+01	1.81618E-06
1.942000E+01	1.78326E-06
1.943000E+01	1.72892E-06
1.944000E+01	1.68776E-06
1.945000E+01	1.65645E-06
1.946000E+01	1.62945E-06
1.947000E+01	1.64063E-06
1.948000E+01	1.65154E-06
1.949000E+01	1.68117E-06
1.950000E+01	1.69600E-06
1.951000E+01	1.72066E-06
1.952000E+01	1.72398E-06
1.953000E+01	1.73385E-06
1.954000E+01	1.72068E-06
1.955000E+01	1.71243E-06
1.956000E+01	1.67786E-06
1.957000E+01	1.64660E-06
1.958000E+01	1.58943E-06
1.959000E+01	1.53344E-06
1.960000E+01	1.44765E-06
1.961000E+01	1.37129E-06
1.962000E+01	1.33058E-06
1.963000E+01	1.36780E-06
1.964000E+01	1.40764E-06
1.965000E+01	1.43399E-06
1.966000E+01	1.45031E-06
1.967000E+01	1.45475E-06
1.968000E+01	1.45361E-06
1.969000E+01	1.44703E-06
1.970000E+01	1.43827E-06
1.971000E+01	1.43105E-06
1.972000E+01	1.42135E-06
1.973000E+01	1.41262E-06
1.974000E+01	1.40420E-06
1.975000E+01	1.39727E-06
1.976000E+01	1.38790E-06
1.977000E+01	1.37754E-06
1.978000E+01	1.36517E-06
1.979000E+01	1.35265E-06
1.980000E+01	1.33783E-06
1.981000E+01	1.31974E-06
1.982000E+01	1.30409E-06
1.983000E+01	1.28961E-06
1.984000E+01	1.27858E-06
1.985000E+01	1.27249E-06
1.986000E+01	1.26954E-06
1.987000E+01	1.26985E-06
1.988000E+01	1.26886E-06
1.989000E+01	1.27069E-06
1.990000E+01	1.26819E-06
1.991000E+01	1.26504E-06
1.992000E+01	1.25698E-06
1.993000E+01	1.23838E-06
1.994000E+01	1.20742E-06
1.995000E+01	1.14536E-06
1.996000E+01	1.06764E-06
1.997000E+01	1.12644E-06
1.998000E+01	1.21782E-06
1.999000E+01	1.28414E-06
2.000000E+01	1.31300E-06
2.001000E+01	1.24498E-06
2.002000E+01	1.13761E-06
2.003000E+01	1.07359E-06
2.004000E+01	1.06502E-06
2.005000E+01	1.05791E-06
2.006000E+01	1.04920E-06
2.007000E+01	1.04046E-06
2.008000E+01	1.03157E-06
2.009000E+01	1.02434E-06
2.010000E+01	1.01711E-06
2.011000E+01	1.00950E-06
2.012000E+01	1.05611E-06
2.013000E+01	1.12991E-06
2.014000E+01	1.16132E-06
2.015000E+01	1.17682E-06
2.016000E+01	1.17912E-06
2.017000E+01	1.17615E-06
2.018000E+01	1.17056E-06
2.019000E+01	1.16478E-06
2.020000E+01	1.15327E-06
2.021000E+01	1.13632E-06
2.022000E+01	1.11756E-06
2.023000E+01	1.09975E-06
2.024000E+01	1.07787E-06
2.025000E+01	1.05067E-06
2.026000E+01	1.01905E-06
2.027000E+01	9.70153E-07
2.028000E+01	9.23077E-07
2.029000E+01	9.85658E-07
2.030000E+01	1.01872E-06
2.031000E+01	1.03309E-06
2.032000E+01	1.03967E-06
2.033000E+01	1.03802E-06
2.034000E+01	1.03338E-06
2.035000E+01	1.02929E-06
2.036000E+01	1.01807E-06
2.037000E+01	9.86942E-07
2.038000E+01	8.69872E-07
2.039000E+01	8.31682E-07
2.040000E+01	8.27059E-07
2.041000E+01	8.22489E-07
2.042000E+01	8.18022E-07
2.043000E+01	8.17181E-07
2.044000E+01	9.22407E-07
2.045000E+01	9.45134E-07
2.046000E+01	9.50587E-07
2.047000E+01	9.53884E-07
2.048000E+01	9.57324E-07
2.049000E+01	9.60469E-07
2.050000E+01	9.62244E-07
2.051000E+01	9.62750E-07
2.052000E+01	9.66374E-07
2.053000E+01	9.64881E-07
2.054000E+01	9.52240E-07
2.055000E+01	9.38200E-07
2.056000E+01	9.22763E-07
2.057000E+01	9.01653E-07
2.058000E+01	8.66910E-07
2.059000E+01	7.57746E-07
2.060000E+01	7.94320E-07
2.061000E+01	7.93644E-07
2.062000E+01	7.94811E-07
2.063000E+01	7.92681E-07
2.064000E+01	7.92345E-07
2.065000E+01	7.92010E-07
2.066000E+01	7.91820E-07
2.067000E+01	7.91679E-07
2.068000E+01	9.20600E-07
2.069000E+01	9.64089E-07
2.070000E+01	9.80048E-07
2.071000E+01	9.83003E-07
2.072000E+01	9.76110E-07
2.073000E+01	9.68355E-07
2.074000E+01	9.62440E-07
2.075000E+01	9.56145E-07
2.076000E+01	9.51060E-07
2.077000E+01	9.44150E-07
2.078000E+01	9.36429E-07
2.079000E+01	9.40693E-07
2.080000E+01	9.48750E-07
2.081000E+01	9.55502E-07
2.082000E+01	9.64745E-07
2.083000E+01	9.64378E-07
2.084000E+01	9.52399E-07
2.085000E+01	9.37746E-07
2.086000E+01	9.17641E-07
2.087000E+01	8.94586E-07
2.088000E+01	8.96216E-07
2.089000E+01	9.13212E-07
2.090000E+01	9.21579E-07
2.091000E+01	9.28647E-07
2.092000E+01	9.28681E-07
2.093000E+01	9.18156E-07
2.094000E+01	9.03486E-07
2.095000E+01	8.89499E-07
2.096000E+01	8.64265E-07
2.097000E+01	7.98093E-07
2.098000E+01	7.55624E-07
2.099000E+01	7.52978E-07
2.100000E+01	7.52143E-07
2.101000E+01	7.51166E-07
2.102000E+01	7.48716E-07
2.103000E+01	8.23110E-07
2.104000E+01	8.80941E-07
2.105000E+01	9.05606E-07
2.106000E+01	9.19136E-07
2.107000E+01	9.28002E-07
2.108000E+01	9.39231E-07
2.109000E+01	9.41679E-07
2.110000E+01	9.30995E-07
2.111000E+01	9.10706E-07
2.112000E+01	8.84564E-07
2.113000E+01	8.36299E-07
2.114000E+01	7.27625E-07
2.115000E+01	7.26478E-07
2.116000E+01	7.25473E-07
2.117000E+01	7.23996E-07
2.118000E+01	7.21199E-07
2.119000E+01	7.19726E-07
2.120000E+01	7.18396E-07
2.121000E+01	7.15417E-07
2.122000E+01	7.13949E-07
2.123000E+01	7.12624E-07
2.124000E+01	7.11158E-07
2.125000E+01	7.08047E-07
2.126000E+01	7.08514E-07
2.127000E+01	7.09027E-07
2.128000E+01	7.01457E-07
2.129000E+01	7.86895E-07
2.130000E+01	8.22300E-07
2.131000E+01	8.40732E-07
2.132000E+01	8.45356E-07
2.133000E+01	8.39100E-07
2.134000E+01	8.19681E-07
2.135000E+01	7.87073E-07
2.136000E+01	7.81320E-07
2.137000E+01	8.21151E-07
2.138000E+01	8.55566E-07
2.139000E+01	8.82422E-07
2.140000E+01	9.03458E-07
2.141000E+01	9.05792E-07
2.142000E+01	8.89169E-07
2.143000E+01	8.60849E-07
2.144000E+01	7.91698E-07
2.145000E+01	7.01445E-07
2.146000E+01	7.02283E-07
2.147000E+01	7.81136E-07
2.148000E+01	8.43715E-07
2.149000E+01	8.82876E-07
2.150000E+01	9.00698E-07
2.151000E+01	8.80428E-07
2.152000E+01	8.03346E-07
2.153000E+01	7.00604E-07
2.154000E+01	7.01300E-07
2.155000E+01	6.99954E-07
2.156000E+01	6.99814E-07
2.157000E+01	8.64766E-07
2.158000E+01	9.16497E-07
2.159000E+01	9.42520E-07
2.160000E+01	9.49259E-07
2.161000E+01	9.36094E-07
2.162000E+01	9.13830E-07
2.163000E+01	8.89135E-07
2.164000E+01	8.65296E-07
2.165000E+01	8.48637E-07
2.166000E+01	8.48800E-07
2.167000E+01	8.45039E-07
2.168000E+01	8.45203E-07
2.169000E+01	8.68096E-07
2.170000E+01	8.98387E-07
2.171000E+01	9.25196E-07
2.172000E+01	9.50737E-07
2.173000E+01	9.66728E-07
2.174000E+01	9.61776E-07
2.175000E+01	9.44322E-07
2.176000E+01	9.17142E-07
2.177000E+01	8.65090E-07
2.178000E+01	7.83792E-07
2.179000E+01	8.02708E-07
2.180000E+01	8.48624E-07
2.181000E+01	8.72673E-07
2.182000E+01	9.00687E-07
2.183000E+01	9.07925E-07
2.184000E+01	8.66758E-07
2.185000E+01	7.18581E-07
2.186000E+01	6.77219E-07
2.187000E+01	6.77229E-07
2.188000E+01	6.74269E-07
2.189000E+01	6.74418E-07
2.190000E+01	6.74612E-07
2.191000E+01	6.72935E-07
2.192000E+01	6.71624E-07
2.193000E+01	6.69813E-07
2.194000E+01	6.70009E-07
2.195000E+01	6.66879E-07
2.196000E+01	6.67031E-07
2.197000E+01	6.64087E-07
2.198000E+01	8.11419E-07
2.199000E+01	8.78763E-07
2.200000E+01	9.19273E-07
2.201000E+01	9.50750E-07
2.202000E+01	9.63760E-07
2.203000E+01	9.62097E-07
2.204000E+01	9.52722E-07
2.205000E+01	9.35601E-07
2.206000E+01	9.16319E-07
2.207000E+01	9.08428E-07
2.208000E+01	9.15489E-07
2.209000E+01	9.26211E-07
2.210000E+01	9.37738E-07
2.211000E+01	9.52872E-07
2.212000E+01	9.50407E-07
2.213000E+01	9.23091E-07
2.214000E+01	8.82385E-07
2.215000E+01	8.28713E-07
2.216000E+01	7.30596E-07
2.217000E+01	6.00000E-07
2.218000E+01	5.97069E-07
2.219000E+01	5.92925E-07
2.220000E+01	5.90135E-07
2.221000E+01	5.87348E-07
2.222000E+01	5.84383E-07
2.223000E+01	5.81556E-07
2.224000E+01	5.77608E-07
2.225000E+01	5.74831E-07
2.226000E+01	5.73675E-07
2.227000E+01	5.71217E-07
2.228000E+01	5.68716E-07
2.229000E+01	5.66083E-07
2.230000E+01	6.12511E-07
2.231000E+01	8.05693E-07
2.232000E+01	8.79435E-07
2.233000E+01	9.23242E-07
2.234000E+01	9.57475E-07
2.235000E+01	9.92081E-07
2.236000E+01	1.01708E-06
2.237000E+01	1.01149E-06
2.238000E+01	9.79714E-07
2.239000E+01	9.16168E-07
2.240000E+01	7.63839E-07
2.241000E+01	5.52744E-07
2.242000E+01	5.52275E-07
2.243000E+01	5.53232E-07
2.244000E+01	5.53565E-07
2.245000E+01	6.48909E-07
2.246000E+01	7.92164E-07
2.247000E+01	8.03204E-07
2.248000E+01	7.04404E-07
2.249000E+01	5.55402E-07
2.250000E+01	5.56711E-07
2.251000E+01	5.54420E-07
2.252000E+01	5.55906E-07
2.253000E+01	5.55704E-07
2.254000E+01	5.56034E-07
2.255000E+01	5.58004E-07
2.256000E+01	5.60151E-07
2.257000E+01	5.63624E-07
2.258000E+01	5.65456E-07
2.259000E+01	5.67729E-07
2.260000E+01	5.70044E-07
2.261000E+01	5.72357E-07
2.262000E+01	5.75641E-07
2.263000E+01	5.77950E-07
2.264000E+01	5.82906E-07
2.265000E+01	5.84194E-07
2.266000E+01	5.86496E-07
2.267000E+01	5.88796E-07
2.268000E+01	5.91270E-07
2.269000E+01	5.95064E-07
2.270000E+01	5.96388E-07
2.271000E+01	5.98855E-07
2.272000E+01	6.02641E-07
2.273000E+01	6.05103E-07
2.274000E+01	6.07916E-07
2.275000E+01	6.10374E-07
2.276000E+01	6.10237E-07
2.277000E+01	6.12692E-07
2.278000E+01	6.14179E-07
2.279000E+01	6.15489E-07
2.280000E+01	6.16974E-07
2.281000E+01	6.18281E-07
2.282000E+01	6.20947E-07
2.283000E+01	6.22427E-07
2.284000E+01	6.24037E-07
2.285000E+01	6.25514E-07
2.286000E+01	6.28171E-07
2.287000E+01	6.29646E-07
2.288000E+01	6.32955E-07
2.289000E+01	6.35561E-07
2.290000E+01	6.36245E-07
2.291000E+01	6.39022E-07
2.292000E+01	6.42147E-07
2.293000E+01	6.44963E-07
2.294000E+01	6.46949E-07
2.295000E+01	6.47451E-07
2.296000E+01	6.47779E-07
2.297000E+01	6.48933E-07
2.298000E+01	6.48259E-07
2.299000E+01	6.47586E-07
2.300000E+01	6.50391E-07
2.301000E+01	6.49761E-07
2.302000E+01	7.74718E-07
2.303000E+01	1.03044E-06
2.304000E+01	9.74436E-07
2.305000E+01	6.52191E-07
2.306000E+01	6.51865E-07
2.307000E+01	6.53533E-07
2.308000E+01	6.53380E-07
2.309000E+01	6.54353E-07
2.310000E+01	6.55498E-07
2.311000E+01	6.58460E-07
2.312000E+01	6.59602E-07
2.313000E+01	6.60787E-07
2.314000E+01	6.63224E-07
2.315000E+01	6.65529E-07
2.316000E+01	1.12841E-06
2.317000E+01	1.52754E-06
2.318000E+01	1.80794E-06
2.319000E+01	2.01871E-06
2.320000E+01	2.09116E-06
2.321000E+01	2.05821E-06
2.322000E+01	1.99070E-06
2.323000E+01	1.92484E-06
2.324000E+01	1.84088E-06
2.325000E+01	1.74043E-06
2.326000E+01	1.65976E-06
2.327000E+01	1.59308E-06
2.328000E+01	1.50150E-06
2.329000E+01	1.37372E-06
2.330000E+01	1.20579E-06
2.331000E+01	1.02317E-06
2.332000E+01	8.72213E-07
2.333000E+01	6.74111E-07
2.334000E+01	7.26135E-07
2.335000E+01	7.31092E-07
2.336000E+01	7.35531E-07
2.337000E+01	7.40650E-07
2.338000E+01	7.43926E-07
2.339000E+01	5.49936E-07
2.340000E+01	8.36154E-07
2.341000E+01	9.71807E-07
2.342000E+01	1.04210E-06
2.343000E+01	1.04426E-06
2.344000E+01	1.02944E-06
2.345000E+01	1.06452E-06
2.346000E+01	1.03555E-06
2.347000E+01	5.90115E-07
2.348000E+01	7.88714E-07
2.349000E+01	7.94125E-07
2.350000E+01	7.98426E-07
2.351000E+01	8.03530E-07
2.352000E+01	8.08801E-07
2.353000E+01	8.14747E-07
2.354000E+01	8.20646E-07
2.355000E+01	8.26752E-07
2.356000E+01	8.31706E-07
2.357000E+01	8.37123E-07
2.358000E+01	8.43045E-07
2.359000E+01	8.50445E-07
2.360000E+01	8.57712E-07
2.361000E+01	8.64930E-07
2.362000E+01	8.72185E-07
2.363000E+01	8.78290E-07
2.364000E+01	8.86041E-07
2.365000E+01	8.92939E-07
2.366000E+01	9.00507E-07
2.367000E+01	9.07267E-07
2.368000E+01	9.15498E-07
2.369000E+01	1.10616E-06
2.370000E+01	1.49165E-06
2.371000E+01	1.75032E-06
2.372000E+01	1.96438E-06
2.373000E+01	2.14218E-06
2.374000E+01	2.26074E-06
2.375000E+01	2.27065E-06
2.376000E+01	2.05000E-06
2.377000E+01	1.36454E-06
2.378000E+01	9.98150E-07
2.379000E+01	1.00803E-06
2.380000E+01	1.01908E-06
2.381000E+01	1.02995E-06
2.382000E+01	1.04165E-06
2.383000E+01	1.05413E-06
2.384000E+01	1.82110E-06
2.385000E+01	2.38423E-06
2.386000E+01	2.65759E-06
2.387000E+01	2.76791E-06
2.388000E+01	2.76625E-06
2.389000E+01	2.69544E-06
2.390000E+01	2.64276E-06
2.391000E+01	2.58678E-06
2.392000E+01	2.41881E-06
2.393000E+01	2.09444E-06
2.394000E+01	1.55865E-06
2.395000E+01	1.20463E-06
2.396000E+01	1.21799E-06
2.397000E+01	1.23116E-06
2.398000E+01	1.24433E-06
2.399000E+01	1.25832E-06
2.400000E+01	6.91708E-07
2.401000E+01	2.12903E-06
2.402000E+01	2.75475E-06
2.403000E+01	3.15485E-06
2.404000E+01	3.25857E-06
2.405000E+01	3.14661E-06
2.406000E+01	3.02972E-06
2.407000E+01	2.95725E-06
2.408000E+01	2.87658E-06
2.409000E+01	2.78435E-06
2.410000E+01	2.72344E-06
2.411000E+01	2.71356E-06
2.412000E+01	2.69216E-06
2.413000E+01	2.67074E-06
2.414000E+01	2.64441E-06
2.415000E+01	2.65429E-06
2.416000E+01	2.69710E-06
2.417000E+01	2.78928E-06
2.418000E+01	2.89797E-06
2.419000E+01	3.00008E-06
2.420000E+01	3.01653E-06
2.421000E+01	2.91937E-06
2.422000E+01	2.62135E-06
2.423000E+01	1.90182E-06
2.424000E+01	1.59587E-06
2.425000E+01	1.61909E-06
2.426000E+01	1.63669E-06
2.427000E+01	1.65974E-06
2.428000E+01	1.67624E-06
2.429000E+01	1.70091E-06
2.430000E+01	1.72395E-06
2.431000E+01	2.52254E-06
2.432000E+01	3.08240E-06
2.433000E+01	3.28656E-06
2.434000E+01	3.29647E-06
2.435000E+01	3.22567E-06
2.436000E+01	3.11039E-06
2.437000E+01	2.95724E-06
2.438000E+01	2.83048E-06
2.439000E+01	2.79918E-06
2.440000E+01	2.86340E-06
2.441000E+01	2.95727E-06
2.442000E+01	3.02969E-06
2.443000E+01	3.06758E-06
2.444000E+01	3.12684E-06
2.445000E+01	3.31620E-06
2.446000E+01	3.59779E-06
2.447000E+01	3.86289E-06
2.448000E+01	4.09355E-06
2.449000E+01	4.32871E-06
2.450000E+01	4.54286E-06
2.451000E+01	4.61200E-06
2.452000E+01	4.48369E-06
2.453000E+01	4.24501E-06
2.454000E+01	4.01601E-06
2.455000E+01	3.78550E-06
2.456000E+01	3.49568E-06
2.457000E+01	3.12519E-06
2.458000E+01	2.68556E-06
2.459000E+01	2.00061E-06
2.460000E+01	2.72837E-06
2.461000E+01	2.78931E-06
2.462000E+01	2.84200E-06
2.463000E+01	2.90292E-06
2.464000E+01	1.39152E-06
2.465000E+01	3.47594E-06
2.466000E+01	4.60219E-06
2.467000E+01	5.38103E-06
2.468000E+01	5.87480E-06
2.469000E+01	6.08586E-06
2.470000E+01	6.07247E-06
2.471000E+01	5.84055E-06
2.472000E+01	5.44539E-06
2.473000E+01	4.89203E-06
2.474000E+01	4.32053E-06
2.475000E+01	3.82828E-06
2.476000E+01	3.53025E-06
2.477000E+01	3.36891E-06
2.478000E+01	3.25860E-06
2.479000E+01	3.02642E-06
2.480000E+01	2.73827E-06
2.481000E+01	2.79093E-06
2.482000E+01	3.29645E-06
2.483000E+01	3.83488E-06
2.484000E+01	4.31562E-06
2.485000E+01	4.83581E-06
2.486000E+01	5.45495E-06
2.487000E+01	5.77965E-06
2.488000E+01	5.53577E-06
2.489000E+01	4.71595E-06
2.490000E+01	3.53851E-06
2.491000E+01	5.94580E-07
2.492000E+01	7.69623E-06
2.493000E+01	8.07822E-06
2.494000E+01	8.55573E-06
2.495000E+01	9.08577E-06
2.496000E+01	9.68670E-06
2.497000E+01	1.02335E-05
2.498000E+01	1.08543E-05
2.499000E+01	1.15426E-05
2.500000E+01	1.22504E-05
2.501000E+01	1.31675E-05
2.502000E+01	1.40272E-05
2.503000E+01	1.49692E-05
2.504000E+01	1.59932E-05
2.505000E+01	1.72232E-05
2.506000E+01	1.81616E-05
2.507000E+01	1.94296E-05
2.508000E+01	2.07141E-05
2.509000E+01	2.21794E-05
2.510000E+01	2.35789E-05
2.511000E+01	2.52254E-05
2.512000E+01	4.43909E-06
2.513000E+01	6.00676E-06
2.514000E+01	6.76571E-06
2.515000E+01	7.05726E-06
2.516000E+01	6.96184E-06
2.517000E+01	6.97974E-06
2.518000E+01	8.18030E-06
2.519000E+01	1.06681E-05
2.520000E+01	1.34722E-05
2.521000E+01	1.61777E-05
2.522000E+01	1.89029E-05
2.523000E+01	2.17348E-05
2.524000E+01	2.41387E-05
2.525000E+01	2.56539E-05
2.526000E+01	2.63290E-05
2.527000E+01	2.65429E-05
2.528000E+01	2.67567E-05
2.529000E+01	2.70368E-05
2.530000E+01	2.73498E-05
2.531000E+01	2.74318E-05
2.532000E+01	2.66912E-05
2.533000E+01	2.52254E-05
2.534000E+01	2.35955E-05
2.535000E+01	2.18335E-05
2.536000E+01	1.94460E-05
2.537000E+01	1.66634E-05
2.538000E+01	1.56789E-05
2.539000E+01	1.80796E-05
2.540000E+01	2.13563E-05
2.541000E+01	2.37599E-05
2.542000E+01	2.53737E-05
2.543000E+01	2.67405E-05
2.544000E+01	2.81895E-05
2.545000E+01	2.98196E-05
2.546000E+01	3.15318E-05
2.547000E+01	3.30797E-05
2.548000E+01	3.43312E-05
2.549000E+01	3.53189E-05
2.550000E+01	3.61918E-05
2.551000E+01	3.70808E-05
2.552000E+01	3.76571E-05
2.553000E+01	3.82499E-05
2.554000E+01	3.87604E-05
2.555000E+01	3.90732E-05
2.556000E+01	3.93545E-05
2.557000E+01	3.92726E-05
2.558000E+01	3.90238E-05
2.559000E+01	3.85463E-05
2.560000E+01	3.78879E-05
2.561000E+01	3.72620E-05
2.562000E+01	3.67186E-05
2.563000E+01	3.62411E-05
2.564000E+01	3.57800E-05
2.565000E+01	3.53193E-05
2.566000E+01	3.49240E-05
2.567000E+01	3.44959E-05
2.568000E+01	3.42983E-05
2.569000E+01	3.40514E-05
2.570000E+01	3.35735E-05
2.571000E+01	3.25694E-05
2.572000E+01	3.12850E-05
2.573000E+01	3.00171E-05
2.574000E+01	2.87327E-05
2.575000E+01	2.73992E-05
2.576000E+01	2.59666E-05
2.577000E+01	2.51269E-05
2.578000E+01	2.52583E-05
2.579000E+01	2.57856E-05
2.580000E+01	2.61806E-05
2.581000E+01	2.63948E-05
2.582000E+01	2.67076E-05
2.583000E+01	2.70039E-05
2.584000E+01	2.71521E-05
2.585000E+01	2.70205E-05
2.586000E+01	2.67405E-05
2.587000E+01	2.65427E-05
2.588000E+01	2.63945E-05
2.589000E+01	2.61808E-05
2.590000E+01	2.60158E-05
2.591000E+01	2.57032E-05
2.592000E+01	2.52257E-05
2.593000E+01	2.46822E-05
2.594000E+01	2.41719E-05
2.595000E+01	2.36119E-05
2.596000E+01	2.31344E-05
2.597000E+01	2.27886E-05
2.598000E+01	2.25250E-05
2.599000E+01	2.24429E-05
2.600000E+01	2.23769E-05
2.601000E+01	2.22453E-05
2.602000E+01	2.21960E-05
2.603000E+01	2.22616E-05
2.604000E+01	2.23936E-05
2.605000E+01	2.26568E-05
2.606000E+01	2.29697E-05
2.607000E+01	2.33978E-05
2.608000E+01	2.40234E-05
2.609000E+01	2.44845E-05
2.610000E+01	2.46824E-05
2.611000E+01	2.44186E-05
2.612000E+01	2.38423E-05
2.613000E+01	2.31179E-05
2.614000E+01	2.22288E-05
2.615000E+01	2.12902E-05
2.616000E+01	2.03188E-05
2.617000E+01	1.93638E-05
2.618000E+01	1.85076E-05
2.619000E+01	1.77667E-05
2.620000E+01	1.70420E-05
2.621000E+01	1.63209E-05
2.622000E+01	1.53032E-05
2.623000E+01	1.40801E-05
2.624000E+01	1.32550E-05
2.625000E+01	1.34541E-05
2.626000E+01	1.44486E-05
2.627000E+01	1.54911E-05
2.628000E+01	1.62519E-05
2.629000E+01	1.70091E-05
2.630000E+01	1.78323E-05
2.631000E+01	1.85405E-05
2.632000E+01	1.88697E-05
2.633000E+01	1.88534E-05
2.634000E+01	1.88368E-05
2.635000E+01	1.88205E-05
2.636000E+01	1.88862E-05
2.637000E+01	1.89522E-05
2.638000E+01	1.88696E-05
2.639000E+01	1.90837E-05
2.640000E+01	1.93307E-05
2.641000E+01	1.97259E-05
2.642000E+01	1.99731E-05
2.643000E+01	2.02036E-05
2.644000E+01	2.04175E-05
2.645000E+01	2.03187E-05
2.646000E+01	1.99237E-05
2.647000E+01	1.90839E-05
2.648000E+01	1.78489E-05
2.649000E+01	1.63620E-05
2.650000E+01	1.48438E-05
2.651000E+01	1.31562E-05
2.652000E+01	1.12100E-05
2.653000E+01	8.89333E-06
2.654000E+01	5.87340E-06
2.655000E+01	2.35627E-05
2.656000E+01	2.37108E-05
2.657000E+01	2.39413E-05
2.658000E+01	2.42047E-05
2.659000E+01	2.44682E-05
2.660000E+01	2.45835E-05
2.661000E+01	2.47151E-05
2.662000E+01	2.49786E-05
2.663000E+01	2.52092E-05
2.664000E+01	2.53408E-05
2.665000E+01	2.56041E-05
2.666000E+01	5.15379E-06
2.667000E+01	6.52193E-06
2.668000E+01	7.08846E-06
2.669000E+01	7.41439E-06
2.670000E+01	7.71910E-06
2.671000E+01	8.17709E-06
2.672000E+01	8.69573E-06
2.673000E+01	8.86008E-06
2.674000E+01	8.28571E-06
2.675000E+01	6.94019E-06
2.676000E+01	5.07960E-06
2.677000E+01	2.43859E-06
2.678000E+01	2.47315E-05
2.679000E+01	2.46163E-05
2.680000E+01	2.46328E-05
2.681000E+01	2.45177E-05
2.682000E+01	2.44023E-05
2.683000E+01	2.41882E-05
2.684000E+01	2.38260E-05
2.685000E+01	2.35791E-05
2.686000E+01	2.32167E-05
2.687000E+01	2.29699E-05
2.688000E+01	2.26406E-05
2.689000E+01	3.43641E-06
2.690000E+01	5.16357E-06
2.691000E+01	6.38722E-06
2.692000E+01	7.28455E-06
2.693000E+01	8.00743E-06
2.694000E+01	8.69376E-06
2.695000E+01	9.36920E-06
2.696000E+01	1.00705E-05
2.697000E+01	1.07883E-05
2.698000E+01	1.14685E-05
2.699000E+01	1.21023E-05
2.700000E+01	1.25733E-05
2.701000E+01	1.26705E-05
2.702000E+01	1.26984E-05
2.703000E+01	1.25520E-05
2.704000E+01	1.22918E-05
2.705000E+01	1.19771E-05
2.706000E+01	1.16282E-05
2.707000E+01	1.12907E-05
2.708000E+01	1.09631E-05
2.709000E+01	1.06272E-05
2.710000E+01	1.02797E-05
2.711000E+01	9.94209E-06
2.712000E+01	9.59476E-06
2.713000E+01	9.25359E-06
2.714000E+01	8.92299E-06
2.715000E+01	8.58527E-06
2.716000E+01	8.24779E-06
2.717000E+01	7.90688E-06
2.718000E+01	7.25644E-06
2.719000E+01	6.48437E-06
2.720000E+01	5.79118E-06
2.721000E+01	5.17016E-06
2.722000E+01	4.59221E-06
2.723000E+01	4.07382E-06
2.724000E+01	3.63399E-06
2.725000E+01	3.28161E-06
2.726000E+01	2.98855E-06
2.727000E+01	2.73333E-06
2.728000E+01	2.48963E-06
2.729000E+01	2.26075E-06
2.730000E+01	2.04341E-06
2.731000E+01	1.84746E-06
2.732000E+01	1.67621E-06
2.733000E+01	1.51486E-06
2.734000E+01	1.36533E-06
2.735000E+01	1.23247E-06
2.736000E+01	1.10205E-06
2.737000E+01	9.79540E-07
2.738000E+01	8.69722E-07
2.739000E+01	7.71742E-07
2.740000E+01	6.86131E-07
2.741000E+01	6.14192E-07
2.742000E+01	5.48468E-07
2.743000E+01	4.89683E-07
2.744000E+01	4.36662E-07
2.745000E+01	3.87614E-07
2.746000E+01	3.42983E-07
2.747000E+01	3.03466E-07
2.748000E+01	2.66088E-07
2.749000E+01	2.33154E-07
2.750000E+01	2.03516E-07
2.751000E+01	1.77336E-07
2.752000E+01	1.54760E-07
2.753000E+01	1.35351E-07
2.754000E+01	1.27476E-07
2.755000E+01	1.23673E-07
2.756000E+01	1.19822E-07
2.757000E+01	1.16971E-07
2.758000E+01	1.14322E-07
2.759000E+01	1.11327E-07
2.760000E+01	1.08938E-07
2.761000E+01	1.05447E-07
2.762000E+01	1.02122E-07
2.763000E+01	9.88599E-08
2.764000E+01	9.53871E-08
2.765000E+01	9.14828E-08
2.766000E+01	8.78597E-08
2.767000E+01	8.44525E-08
2.768000E+01	8.12428E-08
2.769000E+01	7.80462E-08
2.770000E+01	7.46895E-08
2.771000E+01	7.16276E-08
2.772000E+01	7.16414E-08
2.773000E+01	7.60224E-08
2.774000E+01	8.07138E-08
2.775000E+01	8.58018E-08
2.776000E+01	9.08105E-08
2.777000E+01	9.65394E-08
2.778000E+01	1.02484E-07
2.779000E+01	1.08708E-07
2.780000E+01	1.15475E-07
2.781000E+01	1.22884E-07
2.782000E+01	1.29996E-07
2.783000E+01	1.38031E-07
2.784000E+01	1.46907E-07
2.785000E+01	1.55914E-07
2.786000E+01	1.65646E-07
2.787000E+01	1.77008E-07
2.788000E+01	1.89028E-07
2.789000E+01	2.03188E-07
2.790000E+01	2.16032E-07
2.791000E+01	2.32168E-07
2.792000E+01	2.49620E-07
2.793000E+01	2.68228E-07
2.794000E+01	2.86668E-07
2.795000E+01	3.06923E-07
2.796000E+01	3.27504E-07
2.797000E+01	3.48416E-07
2.798000E+01	3.73445E-07
2.799000E+01	3.98464E-07
2.800000E+01	4.22036E-07
2.805000E+01	4.62210E-07
2.810000E+01	5.98861E-07
2.815000E+01	7.03410E-07
2.820000E+01	8.26418E-07
2.825000E+01	9.72319E-07
2.830000E+01	1.07438E-06
2.835000E+01	1.10173E-06
2.840000E+01	1.12331E-06
2.845000E+01	1.28450E-06
2.850000E+01	1.38544E-06
2.855000E+01	1.42067E-06