#!228000.0[0,f]/ 4.67e-15[1,f]/ 1.0783e-16[2,f]/ 1.315e13[3,f]/ 8.09e-23[4,f]/ 1.52240983e-24[5,f]/
wav     trans
2.530	0
2.540	0
2.550	0
2.560	0
2.570	0
2.580	0
2.590	0
2.600	0
2.610	0
2.620	0
2.630	0
2.640	0
2.650	0
2.660	0
2.670	0
2.680	0
2.690	0
2.700	0
2.710	0
2.720	0
2.730	0
2.740	0
2.750	0
2.760	0
2.770	0
2.780	0
2.790	0
2.800	0
2.810	0
2.820	0
2.830	0
2.840	0
2.850	0
2.860	0
2.870	0
2.880	0
2.890	0
2.900	0
2.910	0
2.920	0
2.930	0
2.940	0
2.950	0
2.960	0
2.970	0
2.980	0
2.990	0
3.000	0
3.010	0
3.020	0
3.030	0
3.040	0
3.050	0
3.060	0
3.070	0
3.080	0
3.090	0
3.100	0
3.110	0
3.120	0
3.130	0
3.140	0
3.150	0
3.160	0
3.170	0
3.180	0
3.190	0
3.200	0
3.210	0
3.220	0
3.230	0
3.240	0
3.250	0
3.260	0
3.270	0
3.280	0
3.290	0
3.300	0
3.310	0
3.320	0
3.330	0
3.340	0
3.350	0
3.360	0
3.370	0
3.380	0
3.390	0
3.400	0
3.410	0
3.420	0
3.430	0
3.440	0
3.450	0
3.460	0
3.470	0
3.480	0
3.490	0
3.500	0
3.510	0
3.520	0
3.530	0
3.540	0
3.550	0
3.560	0
3.570	0
3.580	0
3.590	0
3.600	0
3.610	0
3.620	0
3.630	0
3.640	0
3.650	0
3.660	0
3.670	0
3.680	0
3.690	0
3.700	0
3.710	0
3.720	0
3.730	0
3.740	0
3.750	0
3.760	0
3.770	0
3.780	0
3.790	0
3.800	0
3.810	0
3.820	0
3.830	0
3.840	0
3.850	0
3.860	0
3.870	0
3.880	0
3.890	0
3.900	0
3.910	0
3.920	0
3.930	0
3.940	0
3.950	0
3.960	0
3.970	0
3.980	0
3.990	0
4.000	0
4.010	0
4.020	0
4.030	0
4.040	0
4.050	0
4.060	0
4.070	0
4.080	0
4.090	0
4.100	0
4.110	0
4.120	0
4.130	0
4.140	0
4.150	0
4.160	0
4.170	0
4.180	0
4.190	0
4.200	0
4.210	0
4.220	0
4.230	0
4.240	0
4.250	0
4.260	0
4.270	0
4.280	0
4.290	0
4.300	0
4.310	0
4.320	0
4.330	0
4.340	0
4.350	0
4.360	0
4.370	0
4.380	0
4.390	0
4.400	0
4.410	0
4.420	0
4.430	0
4.440	0
4.450	0
4.460	0
4.470	0
4.480	0
4.490	0
4.500	0
4.510	0
4.520	0
4.530	0
4.540	0
4.550	0
4.560	0
4.570	0
4.580	0
4.590	0
4.600	0
4.610	0
4.620	0
4.630	0
4.640	0
4.650	0
4.660	0
4.670	0
4.680	0
4.690	0
4.700	0
4.710	0
4.720	0
4.730	0
4.740	0
4.750	0
4.760	0
4.770	0
4.780	0
4.790	0
4.800	0
4.810	0
4.820	0
4.830	0
4.840	0
4.850	0
4.860	0
4.870	0
4.880	0
4.890	0
4.900	0
4.910	0
4.920	0
4.930	0
4.940	0
4.950	0
4.960	0
4.970	0
4.980	0
4.990	0
5.000	0
5.010	0
5.020	0
5.030	0
5.040	0
5.050	0
5.060	0
5.070	0
5.080	0
5.090	0
5.100	0
5.110	0
5.120	0
5.130	0
5.140	0
5.150	0
5.160	0
5.170	0
5.180	0
5.190	0
5.200	0
5.210	0
5.220	0
5.230	0
5.240	0
5.250	0
5.260	0
5.270	0
5.280	0
5.290	0
5.300	0
5.310	0
5.320	0
5.330	0
5.340	0
5.350	0
5.360	0
5.370	0
5.380	0
5.390	0
5.400	0
5.410	0
5.420	0
5.430	0
5.440	0
5.450	0
5.460	0
5.470	0
5.480	0
5.490	0
5.500	0
5.510	0
5.520	0
5.530	0
5.540	0
5.550	0
5.560	0
5.570	0
5.580	0
5.590	0
5.600	0
5.610	0
5.620	0
5.630	0
5.640	0
5.650	0
5.660	0
5.670	0
5.680	0
5.690	0
5.700	0
5.710	0
5.720	0
5.730	0
5.740	0
5.750	0
5.760	0
5.770	0
5.780	0
5.790	0
5.800	0
5.810	0
5.820	0
5.830	0
5.840	0
5.850	0
5.860	0
5.870	0
5.880	0
5.890	0
5.900	0
5.910	0
5.920	0
5.930	0
5.940	0
5.950	0
5.960	0
5.970	0
5.980	0
5.990	0
6.000	0
6.010	0
6.020	0
6.030	0
6.040	0
6.050	0
6.060	0
6.070	0
6.080	0
6.090	0
6.100	0
6.110	0
6.120	0
6.130	0
6.140	0
6.150	0
6.160	0
6.170	0
6.180	0
6.190	0
6.200	0
6.210	0
6.220	0
6.230	0
6.240	0
6.250	0
6.260	0
6.270	0
6.280	0
6.290	0
6.300	0
6.310	0
6.320	0
6.330	0
6.340	0
6.350	0
6.360	0
6.370	0
6.380	0
6.390	0
6.400	0
6.410	0
6.420	0
6.430	0
6.440	0
6.450	0
6.460	0
6.470	0
6.480	0
6.490	0
6.500	0
6.510	0
6.520	0
6.530	0
6.540	0
6.550	0
6.560	0
6.570	0
6.580	0
6.590	0
6.600	0
6.610	0
6.620	0
6.630	0
6.640	0
6.650	0
6.660	0
6.670	0
6.680	0
6.690	0
6.700	0
6.710	0
6.720	0
6.730	0
6.740	0
6.750	0
6.760	0
6.770	0
6.780	0
6.790	0
6.800	0
6.810	0
6.820	0
6.830	0
6.840	0
6.850	0
6.860	0
6.870	0
6.880	0
6.890	0
6.900	0
6.910	0
6.920	0
6.930	0
6.940	0
6.950	0
6.960	0
6.970	0
6.980	0
6.990	0
7.000	0
7.010	0
7.020	0
7.030	0
7.040	0
7.050	0
7.060	0
7.070	0
7.080	0
7.090	0
7.100	0
7.110	0
7.120	0
7.130	0
7.140	0
7.150	0
7.160	0
7.170	0
7.180	0
7.190	0
7.200	0
7.210	0
7.220	0
7.230	0
7.240	0
7.250	0
7.260	0
7.270	0
7.280	0
7.290	0
7.300	0
7.310	0
7.320	0
7.330	0
7.340	0
7.350	0
7.360	0
7.370	0
7.380	0
7.390	0
7.400	0
7.410	0
7.420	0
7.430	0
7.440	0
7.450	0
7.460	0
7.470	0
7.480	0
7.490	0
7.500	0
7.510	0
7.520	0
7.530	0
7.540	0
7.550	0
7.560	0
7.570	0
7.580	0
7.590	0
7.600	0
7.610	0
7.620	0
7.630	0
7.640	0
7.650	0
7.660	0
7.670	0
7.680	0
7.690	0
7.700	0
7.710	0
7.720	0
7.730	0
7.740	0
7.750	0
7.760	0
7.770	0
7.780	0
7.790	0
7.800	0
7.810	0
7.820	0
7.830	0
7.840	0
7.850	0
7.860	0
7.870	0
7.880	0
7.890	0
7.900	0
7.910	0
7.920	0
7.930	0
7.940	0
7.950	0
7.960	0
7.970	0
7.980	0
7.990	0
8.000	0
8.010	0
8.020	0
8.030	0
8.040	0
8.050	0
8.060	0
8.070	0
8.080	0
8.090	0
8.100	0
8.110	0
8.120	0
8.130	0
8.140	0
8.150	0
8.160	0
8.170	0
8.180	0
8.190	0
8.200	0
8.210	0
8.220	0
8.230	0
8.240	0
8.250	0
8.260	0
8.270	0
8.280	0
8.290	0
8.300	0
8.310	0
8.320	0
8.330	0
8.340	0
8.350	0
8.360	0
8.370	0
8.380	0
8.390	0
8.400	0
8.410	0
8.420	0
8.430	0
8.440	0
8.450	0
8.460	0
8.470	0
8.480	0
8.490	0
8.500	0
8.510	0
8.520	0
8.530	0
8.540	0
8.550	0
8.560	0
8.570	0
8.580	0
8.590	0
8.600	0
8.610	0
8.620	0
8.630	0
8.640	0
8.650	0
8.660	0
8.670	0
8.680	0
8.690	0
8.700	0
8.710	0
8.720	0
8.730	0
8.740	0
8.750	0
8.760	0
8.770	0
8.780	0
8.790	0
8.800	0
8.810	0
8.820	0
8.830	0
8.840	0
8.850	0
8.860	0
8.870	0
8.880	0
8.890	0
8.900	0
8.910	0
8.920	0
8.930	0
8.940	0
8.950	0
8.960	0
8.970	0
8.980	0
8.990	0
9.000	0
9.010	0
9.020	0
9.030	0
9.040	0
9.050	0
9.060	0
9.070	0
9.080	0
9.090	0
9.100	0
9.110	0
9.120	0
9.130	0
9.140	0
9.150	0
9.160	0
9.170	0
9.180	0
9.190	0
9.200	0
9.210	0
9.220	0
9.230	0
9.240	0
9.250	0
9.260	0
9.270	0
9.280	0
9.290	0
9.300	0
9.310	0
9.320	0
9.330	0
9.340	0
9.350	0
9.360	0
9.370	0
9.380	0
9.390	0
9.400	0
9.410	0
9.420	0
9.430	0
9.440	0
9.450	0
9.460	0
9.470	0
9.480	0
9.490	0
9.500	0
9.510	0
9.520	0
9.530	0
9.540	0
9.550	0
9.560	0
9.570	0
9.580	0
9.590	0
9.600	0
9.610	0
9.620	0
9.630	0
9.640	0
9.650	0
9.660	0
9.670	0
9.680	0
9.690	0
9.700	0
9.710	0
9.720	0
9.730	0
9.740	0
9.750	0
9.760	0
9.770	0
9.780	0
9.790	0
9.800	0
9.810	0
9.820	0
9.830	0
9.840	0
9.850	0
9.860	0
9.870	0
9.880	0
9.890	0
9.900	0
9.910	0
9.920	0
9.930	0
9.940	0
9.950	0
9.960	0
9.970	0
9.980	0
9.990	0
10.000	0
10.010	0
10.020	0
10.030	0
10.040	0
10.050	0
10.060	0
10.070	0
10.080	0
10.090	0
10.100	0
10.110	0
10.120	0
10.130	0
10.140	0
10.150	0
10.160	0
10.170	0
10.180	0
10.190	0
10.200	0
10.210	0
10.220	0
10.230	0
10.240	0
10.250	0
10.260	0
10.270	0
10.280	0
10.290	0
10.300	0
10.310	0
10.320	0
10.330	0
10.340	0
10.350	0
10.360	0
10.370	0
10.380	0
10.390	0
10.400	0
10.410	0
10.420	0
10.430	0
10.440	0
10.450	0
10.460	0
10.470	0
10.480	0
10.490	0
10.500	0
10.510	0
10.520	0
10.530	0
10.540	0
10.550	0
10.560	0
10.570	0
10.580	0
10.590	0
10.600	0
10.610	0
10.620	0
10.630	0
10.640	0
10.650	0
10.660	0
10.670	0
10.680	0
10.690	0
10.700	0
10.710	0
10.720	0
10.730	0
10.740	0
10.750	0
10.760	0
10.770	0
10.780	0
10.790	0
10.800	0
10.810	0
10.820	0
10.830	0
10.840	0
10.850	0
10.860	0
10.870	0
10.880	0
10.890	0
10.900	0
10.910	0
10.920	0
10.930	0
10.940	0
10.950	0
10.960	0
10.970	0
10.980	0
10.990	0
11.000	0
11.010	0
11.020	0
11.030	0
11.040	0
11.050	0
11.060	0
11.070	0
11.080	0
11.090	0
11.100	0
11.110	0
11.120	0
11.130	0
11.140	0
11.150	0
11.160	0
11.170	0
11.180	0
11.190	0
11.200	0
11.210	0
11.220	0
11.230	0
11.240	0
11.250	0
11.260	0
11.270	0
11.280	0
11.290	0
11.300	0
11.310	0
11.320	0
11.330	0
11.340	0
11.350	0
11.360	0
11.370	0
11.380	0
11.390	0
11.400	0
11.410	0
11.420	0
11.430	0
11.440	0
11.450	0
11.460	0
11.470	0
11.480	0
11.490	0
11.500	0
11.510	0
11.520	0
11.530	0
11.540	0
11.550	0
11.560	0
11.570	0
11.580	0
11.590	0
11.600	0
11.610	0
11.620	0
11.630	0
11.640	0
11.650	0
11.660	0
11.670	0
11.680	0
11.690	0
11.700	0
11.710	0
11.720	0
11.730	0
11.740	0
11.750	0
11.760	0
11.770	0
11.780	0
11.790	0
11.800	0
11.810	0
11.820	0
11.830	0
11.840	0
11.850	0
11.860	0
11.870	0
11.880	0
11.890	0
11.900	0
11.910	0
11.920	0
11.930	0
11.940	0
11.950	0
11.960	0
11.970	0
11.980	0
11.990	0
12.000	0
12.010	0
12.020	0
12.030	0
12.040	0
12.050	0
12.060	0
12.070	0
12.080	0
12.090	0
12.100	0
12.110	0
12.120	0
12.130	0
12.140	0
12.150	0
12.160	0
12.170	0
12.180	0
12.190	0
12.200	0
12.210	0
12.220	0
12.230	0
12.240	0
12.250	0
12.260	0
12.270	0
12.280	0
12.290	0
12.300	0
12.310	0
12.320	0
12.330	0
12.340	0
12.350	0
12.360	0
12.370	0
12.380	0
12.390	0
12.400	0
12.410	0
12.420	0
12.430	0
12.440	0
12.450	0
12.460	0
12.470	0
12.480	0
12.490	0
12.500	0
12.510	0
12.520	0
12.530	0
12.540	0
12.550	0
12.560	0
12.570	0
12.580	0
12.590	0
12.600	0
12.610	0
12.620	0
12.630	0
12.640	0
12.650	0
12.660	0
12.670	0
12.680	0
12.690	0
12.700	0
12.710	0
12.720	0
12.730	0
12.740	0
12.750	0
12.760	0
12.770	0
12.780	0
12.790	0
12.800	0
12.810	0
12.820	0
12.830	0
12.840	0
12.850	0
12.860	0
12.870	0
12.880	0
12.890	0
12.900	0
12.910	0
12.920	0
12.930	0
12.940	0
12.950	0
12.960	0
12.970	0
12.980	0
12.990	0
13.000	0
13.010	0
13.020	0
13.030	0
13.040	0
13.050	0
13.060	0
13.070	0
13.080	0
13.090	0
13.100	0
13.110	0
13.120	0
13.130	0
13.140	0
13.150	0
13.160	0
13.170	0
13.180	0
13.190	0
13.200	0
13.210	0
13.220	0
13.230	0
13.240	0
13.250	0
13.260	0
13.270	0
13.280	0
13.290	0
13.300	0
13.310	0
13.320	0
13.330	0
13.340	0
13.350	0
13.360	0
13.370	0
13.380	0
13.390	0
13.400	0
13.410	0
13.420	0
13.430	0
13.440	0
13.450	0
13.460	0
13.470	0
13.480	0
13.490	0
13.500	0
13.510	0
13.520	0
13.530	0
13.540	0
13.550	0
13.560	0
13.570	0
13.580	0
13.590	0
13.600	0
13.610	0
13.620	0
13.630	0
13.640	0
13.650	0
13.660	0
13.670	0
13.680	0
13.690	0
13.700	0
13.710	0
13.720	0
13.730	0
13.740	0
13.750	0
13.760	0
13.770	0
13.780	0
13.790	0
13.800	0
13.810	0
13.820	0
13.830	0
13.840	0
13.850	0
13.860	0
13.870	0
13.880	0
13.890	0
13.900	0
13.910	0
13.920	0
13.930	0
13.940	0
13.950	0
13.960	0
13.970	0
13.980	0
13.990	0
14.000	0
14.010	0
14.020	0
14.030	0
14.040	0
14.050	0
14.060	0
14.070	0
14.080	0
14.090	0
14.100	0
14.110	0
14.120	0
14.130	0
14.140	0
14.150	0
14.160	0
14.170	0
14.180	0
14.190	0
14.200	0
14.210	0
14.220	0
14.230	0
14.240	0
14.250	0
14.260	0
14.270	0
14.280	0
14.290	0
14.300	0
14.310	0
14.320	0
14.330	0
14.340	0
14.350	0
14.360	0
14.370	0
14.380	0
14.390	0
14.400	0
14.410	0
14.420	0
14.430	0
14.440	0
14.450	0
14.460	0
14.470	0
14.480	0
14.490	0
14.500	0
14.510	0
14.520	0
14.530	0
14.540	0
14.550	0
14.560	0
14.570	0
14.580	0
14.590	0
14.600	0
14.610	0
14.620	0
14.630	0
14.640	0
14.650	0
14.660	0
14.670	0
14.680	0
14.690	0
14.700	0
14.710	0
14.720	0
14.730	0
14.740	0
14.750	0
14.760	0
14.770	0
14.780	0
14.790	0
14.800	0
14.810	0
14.820	0
14.830	0
14.840	0
14.850	0
14.860	0
14.870	0
14.880	0
14.890	0
14.900	0
14.910	0
14.920	0
14.930	0
14.940	0
14.950	0
14.960	0
14.970	0
14.980	0
14.990	0
15.000	0
15.010	0
15.020	0
15.030	0
15.040	0
15.050	0
15.060	0
15.070	0
15.080	0
15.090	0
15.100	0
15.110	0
15.120	0
15.130	0
15.140	0
15.150	0
15.160	0
15.170	0
15.180	0
15.190	0
15.200	0
15.210	0
15.220	0
15.230	0
15.240	0
15.250	0
15.260	0
15.270	0
15.280	0
15.290	0
15.300	0
15.310	0
15.320	0
15.330	0
15.340	0
15.350	0
15.360	0
15.370	0
15.380	0
15.390	0
15.400	0
15.410	0
15.420	0
15.430	0
15.440	0
15.450	0
15.460	0
15.470	0
15.480	0
15.490	0
15.500	0
15.510	0
15.520	0
15.530	0
15.540	0
15.550	0
15.560	0
15.570	0
15.580	0
15.590	0
15.600	0
15.610	0
15.620	0
15.630	0
15.640	0
15.650	0
15.660	0
15.670	0
15.680	0
15.690	0
15.700	0
15.710	0
15.720	0
15.730	0
15.740	0
15.750	0
15.760	0
15.770	0
15.780	0
15.790	0
15.800	0
15.810	0
15.820	0
15.830	0
15.840	0
15.850	0
15.860	0
15.870	0
15.880	0
15.890	0
15.900	0
15.910	0
15.920	0
15.930	0
15.940	0
15.950	0
15.960	0
15.970	0
15.980	0
15.990	0
16.000	0
16.010	0
16.020	0
16.030	0
16.040	0
16.050	0
16.060	0
16.070	0
16.080	0
16.090	0
16.100	0
16.110	0
16.120	0
16.130	0
16.140	0
16.150	0
16.160	0
16.170	0
16.180	0
16.190	0
16.200	0
16.210	0
16.220	0
16.230	0
16.240	0
16.250	0
16.260	0
16.270	0
16.280	0
16.290	0
16.300	0
16.310	0
16.320	0
16.330	0
16.340	0
16.350	0
16.360	0
16.370	0
16.380	0
16.390	0
16.400	0
16.410	0
16.420	0
16.430	0
16.440	0
16.450	0
16.460	0
16.470	0
16.480	0
16.490	0
16.500	0
16.510	0
16.520	0
16.530	0
16.540	0
16.550	0
16.560	0
16.570	0
16.580	0
16.590	0
16.600	0
16.610	0
16.620	0
16.630	0
16.640	0
16.650	0
16.660	0
16.670	0
16.680	0
16.690	0
16.700	0
16.710	0
16.720	0
16.730	0
16.740	0
16.750	0
16.760	0
16.770	0
16.780	0
16.790	0
16.800	0
16.810	0
16.820	0
16.830	0
16.840	0
16.850	0
16.860	0
16.870	0
16.880	0
16.890	0
16.900	0
16.910	0
16.920	0
16.930	0
16.940	0
16.950	0
16.960	0
16.970	0
16.980	0
16.990	0
17.000	0
17.010	0
17.020	0
17.030	0
17.040	0
17.050	0
17.060	0
17.070	0
17.080	0
17.090	0
17.100	0
17.110	0
17.120	0
17.130	0
17.140	0
17.150	0
17.160	0
17.170	0
17.180	0
17.190	0
17.200	0
17.210	0
17.220	0
17.230	0
17.240	0
17.250	0
17.260	0
17.270	0
17.280	0
17.290	0
17.300	0
17.310	0
17.320	0
17.330	0
17.340	0
17.350	0
17.360	0
17.370	0
17.380	0
17.390	0
17.400	0
17.410	0
17.420	0
17.430	0
17.440	0
17.450	0
17.460	0
17.470	0
17.480	0
17.490	0
17.500	0
17.510	0
17.520	0
17.530	0
17.540	0
17.550	0
17.560	0
17.570	0
17.580	0
17.590	0
17.600	0
17.610	0
17.620	0
17.630	0
17.640	0
17.650	0
17.660	0
17.670	0
17.680	0
17.690	0
17.700	0
17.710	0
17.720	0
17.730	0
17.740	0
17.750	0
17.760	0
17.770	0
17.780	0
17.790	0
17.800	0
17.810	0
17.820	0
17.830	0
17.840	0
17.850	0
17.860	0
17.870	0
17.880	0
17.890	0
17.900	0
17.910	0
17.920	0
17.930	0
17.940	0
17.950	0
17.960	0
17.970	0
17.980	0
17.990	0
18.000	0
18.010	0
18.020	0
18.030	0
18.040	0
18.050	0
18.060	0
18.070	0
18.080	0
18.090	0
18.100	0
18.110	0
18.120	0
18.130	0
18.140	0
18.150	0
18.160	0
18.170	0
18.180	0
18.190	0
18.200	0
18.210	0
18.220	0
18.230	0
18.240	0
18.250	0
18.260	0
18.270	0
18.280	0
18.290	0
18.300	0
18.310	0
18.320	0
18.330	0
18.340	0
18.350	0
18.360	0
18.370	0
18.380	0
18.390	0
18.400	0
18.410	0
18.420	0
18.430	0
18.440	0
18.450	0
18.460	0
18.470	0
18.480	0
18.490	0
18.500	0
18.510	0
18.520	0
18.530	0
18.540	0
18.550	0
18.560	0
18.570	0
18.580	0
18.590	0
18.600	0
18.610	0
18.620	0
18.630	0
18.640	0
18.650	0
18.660	0
18.670	0
18.680	0
18.690	0
18.700	0
18.710	0
18.720	0
18.730	0
18.740	0
18.750	0
18.760	0
18.770	0
18.780	0
18.790	0
18.800	0
18.810	0
18.820	0
18.830	0
18.840	0
18.850	0
18.860	0
18.870	0
18.880	0
18.890	0
18.900	0
18.910	0
18.920	0
18.930	0
18.940	0
18.950	0
18.960	0
18.970	0
18.980	0
18.990	0
19.000	0
19.010	0
19.020	0
19.030	0
19.040	0
19.050	0
19.060	0
19.070	0
19.080	0
19.090	0
19.100	0
19.110	0
19.120	0
19.130	0
19.140	0
19.150	0
19.160	0
19.170	0
19.180	0
19.190	0
19.200	0
19.210	0
19.220	0
19.230	0
19.240	0
19.250	0
19.260	0
19.270	0
19.280	0
19.290	0
19.300	0
19.310	0
19.320	0
19.330	0
19.340	0
19.350	0
19.360	0
19.370	0
19.380	0
19.390	0
19.400	0
19.410	0
19.420	0
19.430	0
19.440	0
19.450	0
19.460	0
19.470	0
19.480	0
19.490	0
19.500	0
19.510	0
19.520	0
19.530	0
19.540	0
19.550	0
19.560	0
19.570	0
19.580	0
19.590	0
19.600	0
19.610	0
19.620	0
19.630	0
19.640	0
19.650	0
19.660	0
19.670	0
19.680	0
19.690	0
19.700	0
19.710	0
19.720	0
19.730	0
19.740	0
19.750	0
19.760	0
19.770	0
19.780	0
19.790	0
19.800	0
19.810	0
19.820	0
19.830	0
19.840	0
19.850	0
19.860	0
19.870	0
19.880	0
19.890	0
19.900	0
19.910	0
19.920	0
19.930	0
19.940	0
19.950	0
19.960	0
19.970	0
19.980	0
19.990	0
20.000	0
20.010	0
20.020	0
20.030	0
20.040	0
20.050	0
20.060	0
20.070	0
20.080	0
20.090	0
20.100	0
20.110	0
20.120	0
20.130	0
20.140	0
20.150	0
20.160	0
20.170	0
20.180	0
20.190	0
20.200	0
20.210	0
20.220	0
20.230	0
20.240	0
20.250	0
20.260	0
20.270	0
20.280	0
20.290	0
20.300	0
20.310	0
20.320	0
20.330	0
20.340	0
20.350	0
20.360	0
20.370	0
20.380	0
20.390	0
20.400	0
20.410	0
20.420	0
20.430	0
20.440	0
20.450	0
20.460	0
20.470	0
20.480	0
20.490	0
20.500	0
20.510	0
20.520	0
20.530	0
20.540	0
20.550	0
20.560	0
20.570	0
20.580	0
20.590	0
20.600	0
20.610	0
20.620	0
20.630	0
20.640	0
20.650	0
20.660	0
20.670	0
20.680	0
20.690	0
20.700	0
20.710	0
20.720	0
20.730	0
20.740	0
20.750	0
20.760	0
20.770	0
20.780	0
20.790	0
20.800	0
20.810	0
20.820	0
20.830	0
20.840	0
20.850	0
20.860	0
20.870	0
20.880	0
20.890	0
20.900	0
20.910	0
20.920	0
20.930	0
20.940	0
20.950	0
20.960	0
20.970	0
20.980	0
20.990	0
21.000	0
21.010	0
21.020	0
21.030	0
21.040	0
21.050	0
21.060	0
21.070	0
21.080	0
21.090	0.0
21.100	4.28427E-02
21.110	4.31544E-02
21.120	4.34659E-02
21.130	4.39328E-02
21.140	4.44002E-02
21.150	4.48520E-02
21.160	4.53190E-02
21.170	4.56306E-02
21.180	4.59419E-02
21.190	4.59420E-02
21.200	4.59420E-02
21.210	4.59420E-02
21.220	4.59420E-02
21.230	4.60975E-02
21.240	4.60979E-02
21.250	4.62536E-02
21.260	4.65649E-02
21.270	4.67207E-02
21.280	4.67209E-02
21.290	4.67205E-02
21.300	4.64094E-02
21.310	4.60976E-02
21.320	4.56304E-02
21.330	4.50075E-02
21.340	4.46959E-02
21.350	4.42290E-02
21.360	4.39176E-02
21.370	4.37618E-02
21.380	4.36062E-02
21.390	4.34502E-02
21.400	4.32944E-02
21.410	4.31387E-02
21.420	4.29832E-02
21.430	4.26715E-02
21.440	4.25159E-02
21.450	4.23599E-02
21.460	4.23602E-02
21.470	4.26716E-02
21.480	4.29832E-02
21.490	4.34504E-02
21.500	4.40730E-02
21.510	4.46960E-02
21.520	4.51631E-02
21.530	4.56307E-02
21.540	4.59420E-02
21.550	4.60979E-02
21.560	4.62532E-02
21.570	4.62536E-02
21.580	4.62535E-02
21.590	4.62534E-02
21.600	4.62532E-02
21.610	4.62536E-02
21.620	4.62535E-02
21.630	4.59422E-02
21.640	4.57860E-02
21.650	4.53192E-02
21.660	4.46962E-02
21.670	4.40734E-02
21.680	4.32943E-02
21.690	4.25159E-02
21.700	4.18931E-02
21.710	4.14256E-02
21.720	4.11142E-02
21.730	4.08026E-02
21.740	4.08027E-02
21.750	4.08028E-02
21.760	4.08028E-02
21.770	4.09587E-02
21.780	4.09587E-02
21.790	4.09582E-02
21.800	4.09583E-02
21.810	4.11142E-02
21.820	4.14258E-02
21.830	4.17371E-02
21.840	4.23599E-02
21.850	4.28275E-02
21.860	4.35906E-02
21.870	4.43690E-02
21.880	4.48364E-02
21.890	4.53033E-02
21.900	4.56151E-02
21.910	4.54592E-02
21.920	4.53034E-02
21.930	4.49918E-02
21.940	4.45246E-02
21.950	4.42132E-02
21.960	4.39016E-02
21.970	4.35904E-02
21.980	4.34345E-02
21.990	4.32788E-02
22.000	4.31232E-02
22.010	4.31231E-02
22.020	4.29673E-02
22.030	4.28116E-02
22.040	4.25005E-02
22.050	4.23447E-02
22.060	4.20331E-02
22.070	4.17213E-02
22.080	4.15815E-02
22.090	4.14255E-02
22.100	4.12701E-02
22.110	4.12700E-02
22.120	4.11144E-02
22.130	4.11143E-02
22.140	4.09584E-02
22.150	4.06470E-02
22.160	4.04914E-02
22.170	4.01800E-02
22.180	3.98683E-02
22.190	3.97125E-02
22.200	3.94009E-02
22.210	3.92454E-02
22.220	3.92453E-02
22.230	3.92452E-02
22.240	3.92455E-02
22.250	3.92454E-02
22.260	3.90898E-02
22.270	3.89340E-02
22.280	3.87783E-02
22.290	3.84666E-02
22.300	3.81552E-02
22.310	3.78436E-02
22.320	3.73763E-02
22.330	3.72208E-02
22.340	3.69091E-02
22.350	3.67535E-02
22.360	3.67536E-02
22.370	3.65977E-02
22.380	3.64419E-02
22.390	3.62863E-02
22.400	3.59750E-02
22.410	3.56635E-02
22.420	3.51963E-02
22.430	3.45733E-02
22.440	3.39505E-02
22.450	3.33274E-02
22.460	3.27044E-02
22.470	3.22372E-02
22.480	3.19257E-02
22.490	3.16145E-02
22.500	3.14587E-02
22.510	3.14585E-02
22.520	3.13028E-02
22.530	3.11469E-02
22.540	3.09916E-02
22.550	3.08355E-02
22.560	3.05244E-02
22.570	3.03686E-02
22.580	3.02126E-02
22.590	3.00571E-02
22.600	3.00571E-02
22.610	3.00571E-02
22.620	3.03683E-02
22.630	3.05241E-02
22.640	3.08357E-02
22.650	3.09912E-02
22.660	3.13027E-02
22.670	3.13030E-02
22.680	3.13029E-02
22.690	3.13028E-02
22.700	3.11471E-02
22.710	3.09912E-02
22.720	3.09912E-02
22.730	3.09912E-02
22.740	3.09912E-02
22.750	3.11473E-02
22.760	3.13027E-02
22.770	3.14585E-02
22.780	3.16141E-02
22.790	3.16143E-02
22.800	3.14588E-02
22.810	3.14586E-02
22.820	3.11472E-02
22.830	3.08357E-02
22.840	3.03687E-02
22.850	3.00569E-02
22.860	2.97454E-02
22.870	2.95899E-02
22.880	2.94340E-02
22.890	2.94338E-02
22.900	2.94341E-02
22.910	2.95897E-02
22.920	2.95899E-02
22.930	2.97453E-02
22.940	2.99010E-02
22.950	2.98858E-02
22.960	2.98855E-02
22.970	2.98855E-02
22.980	3.00413E-02
22.990	3.00413E-02
23.000	3.03530E-02
23.010	3.05085E-02
23.020	3.08202E-02
23.030	3.11316E-02
23.040	3.14431E-02
23.050	3.15987E-02
23.060	3.17546E-02
23.070	3.17547E-02
23.080	3.15988E-02
23.090	3.15990E-02
23.100	3.14429E-02
23.110	3.11315E-02
23.120	3.09758E-02
23.130	3.08201E-02
23.140	3.06798E-02
23.150	3.05240E-02
23.160	3.05242E-02
23.170	3.03686E-02
23.180	3.00569E-02
23.190	2.99013E-02
23.200	2.95897E-02
23.210	2.91224E-02
23.220	2.88109E-02
23.230	2.81881E-02
23.240	2.75654E-02
23.250	2.70981E-02
23.260	2.64751E-02
23.270	2.60077E-02
23.280	2.55408E-02
23.290	2.52293E-02
23.300	2.49176E-02
23.310	2.47619E-02
23.320	2.44507E-02
23.330	2.41389E-02
23.340	2.39833E-02
23.350	2.36719E-02
23.360	2.33604E-02
23.370	2.30488E-02
23.380	2.27374E-02
23.390	2.24258E-02
23.400	2.21145E-02
23.410	2.19586E-02
23.420	2.18032E-02
23.430	2.16470E-02
23.440	2.14915E-02
23.450	2.14917E-02
23.460	2.13359E-02
23.470	2.11802E-02
23.480	2.10243E-02
23.490	2.07126E-02
23.500	2.04013E-02
23.510	2.00897E-02
23.520	1.97785E-02
23.530	1.93111E-02
23.540	1.89996E-02
23.550	1.88442E-02
23.560	1.85327E-02
23.570	1.83768E-02
23.580	1.83766E-02
23.590	1.82209E-02
23.600	1.82212E-02
23.610	1.83770E-02
23.620	1.83768E-02
23.630	1.83766E-02
23.640	1.83769E-02
23.650	1.83767E-02
23.660	1.83770E-02
23.670	1.83768E-02
23.680	1.83767E-02
23.690	1.83770E-02
23.700	1.85325E-02
23.710	1.85327E-02
23.720	1.86884E-02
23.730	1.88441E-02
23.740	1.89996E-02
23.750	1.89996E-02
23.760	1.89996E-02
23.770	1.89996E-02
23.780	1.89996E-02
23.790	1.88441E-02
23.800	1.88441E-02
23.810	1.86884E-02
23.820	1.86881E-02
23.830	1.85325E-02
23.840	1.85327E-02
23.850	1.86885E-02
23.860	1.86882E-02
23.870	1.88442E-02
23.880	1.91554E-02
23.890	1.93110E-02
23.900	1.96226E-02
23.910	1.97783E-02
23.920	1.99339E-02
23.930	2.00898E-02
23.940	2.02456E-02
23.950	2.04013E-02
23.960	2.05572E-02
23.970	2.05569E-02
23.980	2.07127E-02
23.990	2.08687E-02
24.000	2.10242E-02
24.010	2.11799E-02
24.020	2.14917E-02
24.030	2.16471E-02
24.040	2.19588E-02
24.050	2.22703E-02
24.060	2.24260E-02
24.070	2.25816E-02
24.080	2.25818E-02
24.090	2.27372E-02
24.100	2.27373E-02
24.110	2.27375E-02
24.120	2.27376E-02
24.130	2.27373E-02
24.140	2.27374E-02
24.150	2.27375E-02
24.160	2.28932E-02
24.170	2.30488E-02
24.180	2.32047E-02
24.190	2.33605E-02
24.200	2.35161E-02
24.210	2.35159E-02
24.220	2.35161E-02
24.230	2.35159E-02
24.240	2.33601E-02
24.250	2.33604E-02
24.260	2.32045E-02
24.270	2.30490E-02
24.280	2.28933E-02
24.290	2.28930E-02
24.300	2.27374E-02
24.310	2.27376E-02
24.320	2.28931E-02
24.330	2.30489E-02
24.340	2.30489E-02
24.350	2.32045E-02
24.360	2.32044E-02
24.370	2.33603E-02
24.380	2.33605E-02
24.390	2.33604E-02
24.400	2.33602E-02
24.410	2.32044E-02
24.420	2.32048E-02
24.430	2.30487E-02
24.440	2.30487E-02
24.450	2.30487E-02
24.460	2.28933E-02
24.470	2.28929E-02
24.480	2.28930E-02
24.490	2.27374E-02
24.500	2.27376E-02
24.510	2.25818E-02
24.520	2.24258E-02
24.530	2.21300E-02
24.540	2.19743E-02
24.550	2.16627E-02
24.560	2.13514E-02
24.570	2.10399E-02
24.580	2.07282E-02
24.590	2.04168E-02
24.600	2.01053E-02
24.610	1.99496E-02
24.620	1.97941E-02
24.630	1.96382E-02
24.640	1.96384E-02
24.650	1.96381E-02
24.660	1.94826E-02
24.670	1.94824E-02
24.680	1.94826E-02
24.690	1.93269E-02
24.700	1.91709E-02
24.710	1.91712E-02
24.720	1.90154E-02
24.730	1.87040E-02
24.740	1.85481E-02
24.750	1.83923E-02
24.760	1.82367E-02
24.770	1.82366E-02
24.780	1.80807E-02
24.790	1.80811E-02
24.800	1.80810E-02
24.810	1.80810E-02
24.820	1.80810E-02
24.830	1.79251E-02
24.840	1.79251E-02
24.850	1.77694E-02
24.860	1.76138E-02
24.870	1.74580E-02
24.880	1.71463E-02
24.890	1.69908E-02
24.900	1.68349E-02
24.910	1.66792E-02
24.920	1.65237E-02
24.930	1.63678E-02
24.940	1.63677E-02
24.950	1.62120E-02
24.960	1.60565E-02
24.970	1.60565E-02
24.980	1.59007E-02
24.990	1.57447E-02
25.000	1.55736E-02
25.010	1.54054E-02
25.020	1.51563E-02
25.030	1.48929E-02
25.040	1.46282E-02
25.050	1.43493E-02
25.060	1.40706E-02
25.070	1.37902E-02
25.080	1.35582E-02
25.090	1.33575E-02
25.100	1.31566E-02
25.110	1.30008E-02
25.120	1.28762E-02
25.130	1.27517E-02
25.140	1.26412E-02
25.150	1.25459E-02
25.160	1.24511E-02
25.170	1.23560E-02
25.180	1.22780E-02
25.190	1.21846E-02
25.200	1.21067E-02
25.210	1.20305E-02
25.220	1.19699E-02
25.230	1.19092E-02
25.240	1.18796E-02
25.250	1.18499E-02
25.260	1.18357E-02
25.270	1.18516E-02
25.280	1.18671E-02
25.290	1.18671E-02
25.300	1.18672E-02
25.310	1.18672E-02
25.320	1.18515E-02
25.330	1.17738E-02
25.340	1.17099E-02
25.350	1.16162E-02
25.360	1.14917E-02
25.370	1.13654E-02
25.380	1.12411E-02
25.390	1.11166E-02
25.400	1.09902E-02
25.410	1.08811E-02
25.420	1.07880E-02
25.430	1.06945E-02
25.440	1.06010E-02
25.450	1.05077E-02
25.460	1.03845E-02
25.470	1.02756E-02
25.480	1.01056E-02
25.490	9.90467E-03
25.500	9.71804E-03
25.510	9.48569E-03
25.520	9.22257E-03
25.530	8.97493E-03
25.540	8.72749E-03
25.550	8.51076E-03
25.560	8.29460E-03
25.570	8.10755E-03
25.580	7.98475E-03
25.590	7.87573E-03
25.600	7.76797E-03
25.610	7.69036E-03
25.620	7.61241E-03
25.630	7.53609E-03
25.640	7.41147E-03
25.650	7.25731E-03
25.660	7.11886E-03
25.670	6.91780E-03
25.680	6.68731E-03
25.690	6.44142E-03
25.700	6.19377E-03
25.710	5.93038E-03
25.720	5.66874E-03
25.730	5.42130E-03
25.740	5.23427E-03
25.750	5.03184E-03
25.760	4.86064E-03
25.770	4.78580E-03
25.780	4.70946E-03
25.790	4.63474E-03
25.800	4.63798E-03
25.810	4.64239E-03
25.820	4.66112E-03
25.830	4.69532E-03
25.840	4.74381E-03
25.850	4.80928E-03
25.860	4.85731E-03
25.870	4.93351E-03
25.880	4.99614E-03
25.890	5.07223E-03
25.900	5.14710E-03
25.910	5.22192E-03
25.920	5.29823E-03
25.930	5.34323E-03
25.940	5.40401E-03
25.950	5.45087E-03
25.960	5.46649E-03
25.970	5.48017E-03
25.980	5.48191E-03
25.990	5.46633E-03
26.000	5.42115E-03
26.010	5.36025E-03
26.020	5.30131E-03
26.030	5.20937E-03
26.040	5.11905E-03
26.050	5.02879E-03
26.060	4.92441E-03
26.070	4.81857E-03
26.080	4.71396E-03
26.090	4.62553E-03
26.100	4.53640E-03
26.110	4.44925E-03
26.120	4.36217E-03
26.130	4.27631E-03
26.140	4.20314E-03
26.150	4.11472E-03
26.160	4.02561E-03
26.170	3.93542E-03
26.180	3.83270E-03
26.190	3.71119E-03
26.200	3.58660E-03
26.210	3.46513E-03
26.220	3.34054E-03
26.230	3.22840E-03
26.240	3.11627E-03
26.250	3.01817E-03
26.260	2.96519E-03
26.270	2.92470E-03
26.280	2.87177E-03
26.290	2.89669E-03
26.300	2.90913E-03
26.310	2.93561E-03
26.320	2.96676E-03
26.330	2.99947E-03
26.340	3.03216E-03
26.350	3.04930E-03
26.360	3.06487E-03
26.370	3.06644E-03
26.380	3.06801E-03
26.390	3.06798E-03
26.400	3.05398E-03
26.410	3.03839E-03
26.420	3.03997E-03
26.430	3.03995E-03
26.440	3.03998E-03
26.450	3.04151E-03
26.460	3.04463E-03
26.470	3.04775E-03
26.480	3.04932E-03
26.490	3.00725E-03
26.500	2.96675E-03
26.510	2.92471E-03
26.520	2.85618E-03
26.530	2.75496E-03
26.540	2.65373E-03
26.550	2.55405E-03
26.560	2.45128E-03
26.570	2.33447E-03
26.580	2.23014E-03
26.590	2.11177E-03
26.600	2.01677E-03
26.610	1.91086E-03
26.620	1.80654E-03
26.630	1.70064E-03
26.640	1.59628E-03
26.650	1.49039E-03
26.660	1.38946E-03
26.670	1.28871E-03
26.680	1.18516E-03
26.690	1.10869E-03
26.700	1.09730E-03
26.710	1.07349E-03
26.720	1.03189E-03
26.730	3.73300E-03
26.740	4.15520E-03
26.750	4.14579E-03
26.760	4.18946E-03
26.770	4.05080E-03
26.780	3.91225E-03
26.790	3.78761E-03
26.800	3.66291E-03
26.810	3.53831E-03
26.820	3.41685E-03
26.830	3.27823E-03
26.840	3.13338E-03
26.850	2.99479E-03
26.860	2.86243E-03
26.870	2.73472E-03
26.880	2.61637E-03
26.890	2.50112E-03
26.900	2.39056E-03
26.910	2.28777E-03
26.920	2.18808E-03
26.930	2.09309E-03
26.940	2.00275E-03
26.950	1.91243E-03
26.960	1.82678E-03
26.970	1.74579E-03
26.980	1.66638E-03
26.990	1.58851E-03
27.000	1.49459E-03
27.010	1.38638E-03
27.020	1.27890E-03
27.030	1.12083E-03
27.040	6.85096E-04
27.050	7.34122E-04
27.060	7.90503E-04
27.070	8.57000E-04
27.080	9.05761E-04
27.090	9.55297E-04
27.100	1.00542E-03
27.110	1.03969E-03
27.120	1.05760E-03
27.130	1.07210E-03
27.140	1.08751E-03
27.150	1.08221E-03
27.160	1.07754E-03
27.170	1.07210E-03
27.180	1.06133E-03
27.190	1.04748E-03
27.200	1.03533E-03
27.210	1.02396E-03
27.220	1.00217E-03
27.230	9.75064E-04
27.240	9.50918E-04
27.250	9.17908E-04
27.260	8.52825E-04
27.270	7.88192E-04
27.280	7.27456E-04
27.290	6.40088E-04
27.300	5.44286E-04
27.310	4.57561E-04
27.320	3.72840E-04
27.330	2.22389E-04
27.340	1.32173E-04
27.350	8.00951E-05
27.360	6.19371E-05
27.370	9.75374E-06
27.380	1.62275E-05
27.390	1.36736E-05
27.400	1.14901E-05
27.410	9.70704E-06
27.420	8.15281E-06
27.430	6.88188E-06
27.440	5.81195E-06
27.450	4.87760E-06
27.460	4.10051E-06
27.470	3.44798E-06
27.480	2.89825E-06
27.490	2.43259E-06
27.500	2.04793E-06
27.510	1.72087E-06
27.520	1.44491E-06
27.530	1.21395E-06
27.540	1.10214E-06
27.550	1.03176E-06
27.560	9.64332E-07
27.570	9.02648E-07
27.580	8.41117E-07
27.590	7.88039E-07
27.600	7.37717E-07
27.610	6.90221E-07
27.620	6.45692E-07
27.630	6.03945E-07
27.640	5.65014E-07
27.650	5.26076E-07
27.660	4.91974E-07
27.670	4.59884E-07
27.680	4.30311E-07
27.690	4.01336E-07
27.700	3.74404E-07
27.710	3.50249E-07
27.720	7.43470E-07
27.730	1.11897E-06
27.740	2.69423E-06
27.750	1.36346E-05
27.760	1.25054E-04
27.770	1.66482E-04
27.780	2.18186E-04
27.790	2.80169E-04
27.800	3.27824E-04
27.810	3.40280E-04
27.820	3.49313E-04
27.830	3.61768E-04
27.840	3.65517E-04
27.850	3.66284E-04
27.860	3.67373E-04
27.870	3.68927E-04
27.880	3.66750E-04
27.890	3.66296E-04
27.900	3.66129E-04
27.910	3.60373E-04
27.920	3.31562E-04
27.930	3.06799E-04
27.940	2.82817E-04
27.950	2.36408E-04
27.960	1.73333E-04
27.970	1.26006E-04
27.980	9.21480E-05
27.990	2.04169E-05
28.000	5.70000E-06
28.050	1.37002E-06
28.100	1.65701E-06
28.150	1.78785E-06
28.200	1.93422E-06
28.250	2.10400E-06
28.300	2.20678E-06
28.350	2.16473E-06
28.400	2.14602E-06
28.450	2.13515E-06
28.500	1.97161E-06
28.550	1.69597E-06