#!220883.0[0,f]/ 5.0901e-15[1,f]/ 1.0783e-16[2,f]/ 1.345600e13[3,f]/ 8.363e-23[4,f]/ 1.52240983e-24[5,f]/
wav     trans
2.530	1.09063E-17
2.540	2.37031E-17
2.550	2.87176E-14
2.560	1.55688E-14
2.570	1.18747E-15
2.580	4.85581E-34
2.590	2.27780E-43
2.600	8.75692E-32
2.610	4.82452E-32
2.620	4.94618E-32
2.630	3.39502E-30
2.640	2.78299E-32
2.650	4.20491E-30
2.660	3.49936E-37
2.670	3.67382E-16
2.680	4.99440E-16
2.690	1.86729E-15
2.700	1.87193E-15
2.710	1.36502E-15
2.720	3.03996E-15
2.730	1.61187E-14
2.740	1.10978E-15
2.750	2.16938E-16
2.760	7.76341E-26
2.770	7.92852E-17
2.780	1.54863E-15
2.790	1.25677E-16
2.800	1.78007E-16
2.810	3.17701E-17
2.820	8.90638E-16
2.830	9.33180E-16
2.840	7.20599E-15
2.850	2.71137E-15
2.860	8.84895E-30
2.870	5.91324E-30
2.880	1.06507E-32
2.890	3.48858E-16
2.900	1.75514E-15
2.910	1.28216E-14
2.920	1.76760E-16
2.930	1.14683E-14
2.940	9.97789E-15
2.950	1.55424E-14
2.960	1.79564E-15
2.970	1.21832E-15
2.980	1.09668E-16
2.990	1.13234E-15
3.000	7.15133E-15
3.010	1.63834E-15
3.020	3.96192E-14
3.030	1.82056E-14
3.040	2.00431E-15
3.050	9.79279E-15
3.060	7.14510E-35
3.070	1.21459E-27
3.080	3.88084E-26
3.090	2.66463E-26
3.100	1.18623E-30
3.110	6.96463E-29
3.120	1.75827E-30
3.130	8.45655E-38
3.140	1.74268E-31
3.150	1.29790E-16
3.160	2.30646E-15
3.170	5.64227E-15
3.180	6.17013E-15
3.190	4.95862E-16
3.200	7.55313E-16
3.210	9.83769E-17
3.220	2.34848E-14
3.230	1.76136E-15
3.240	2.20833E-14
3.250	4.99446E-14
3.260	2.99479E-15
3.270	1.11648E-14
3.280	1.65860E-15
3.290	2.55872E-15
3.300	4.27485E-14
3.310	1.35227E-15
3.320	2.06660E-14
3.330	1.19559E-30
3.340	1.70063E-35
3.350	3.40119E-33
3.360	2.93717E-41
3.370	4.18160E-30
3.380	1.60408E-37
3.390	6.27758E-39
3.400	4.88235E-36
3.410	1.47560E-33
3.420	5.22661E-35
3.430	1.55735E-31
3.440	1.52029E-16
3.450	4.76696E-16
3.460	1.37592E-16
3.470	8.93919E-17
3.480	8.56092E-28
3.490	3.52120E-34
3.500	4.71571E-29
3.510	8.42849E-28
3.520	2.60389E-30
3.530	1.24603E-24
3.540	2.36251E-31
3.550	8.50789E-27
3.560	1.99185E-33
3.570	2.10866E-16
3.580	6.02067E-15
3.590	5.60641E-16
3.600	3.02139E-14
3.610	5.24820E-15
3.620	1.30086E-14
3.630	6.85399E-15
3.640	4.45714E-15
3.650	1.75825E-14
3.660	5.54891E-15
3.670	1.05790E-14
3.680	5.56141E-14
3.690	1.02428E-14
3.700	5.92270E-16
3.710	3.41833E-15
3.720	1.25882E-15
3.730	5.66729E-15
3.740	3.12086E-15
3.750	1.24277E-15
3.760	1.09234E-15
3.770	5.62520E-15
3.780	1.96228E-15
3.790	6.34934E-15
3.800	4.23763E-14
3.810	1.53010E-14
3.820	1.34476E-14
3.830	7.00026E-16
3.840	1.62120E-14
3.850	3.65974E-14
3.860	6.69508E-15
3.870	1.51718E-14
3.880	3.44485E-14
3.890	1.19668E-14
3.900	2.34538E-14
3.910	9.80972E-15
3.920	1.32500E-14
3.930	1.25211E-14
3.940	3.63325E-14
3.950	1.03891E-14
3.960	1.78005E-14
3.970	1.32312E-14
3.980	7.04070E-15
3.990	1.91554E-14
4.000	3.66750E-27
4.010	7.55461E-34
4.020	1.04841E-31
4.030	2.44037E-37
4.040	2.91064E-26
4.050	1.65390E-37
4.060	5.08793E-26
4.070	1.83769E-31
4.080	2.60858E-34
4.090	9.99511E-31
4.100	1.47185E-30
4.110	1.29929E-32
4.120	4.96481E-14
4.130	3.61453E-15
4.140	8.47826E-14
4.150	2.13981E-15
4.160	5.08173E-14
4.170	1.18842E-13
4.180	2.22390E-13
4.190	2.16473E-13
4.200	4.70952E-15
4.210	5.07387E-15
4.220	8.39265E-14
4.230	1.87974E-31
4.240	2.90755E-34
4.250	2.52612E-29
4.260	9.67887E-29
4.270	4.35129E-27
4.280	2.28465E-31
4.290	2.16005E-28
4.300	3.16930E-29
4.310	9.19142E-26
4.320	1.86882E-28
4.330	3.35150E-37
4.340	2.20210E-37
4.350	1.25306E-14
4.360	2.83761E-14
4.370	7.88490E-14
4.380	5.40868E-15
4.390	4.77335E-14
4.400	6.12977E-14
4.410	1.84857E-14
4.420	1.61032E-13
4.430	8.24628E-15
4.440	4.46486E-14
4.450	5.92270E-14
4.460	2.58049E-14
4.470	1.72087E-14
4.480	5.11272E-15
4.490	9.73029E-15
4.500	8.04689E-15
4.510	4.64878E-15
4.520	9.99823E-16
4.530	6.32759E-30
4.540	1.81121E-33
4.550	2.68330E-16
4.560	8.51404E-15
4.570	3.03829E-14
4.580	3.46048E-14
4.590	3.37473E-14
4.600	7.29152E-14
4.610	6.61714E-14
4.620	2.04948E-13
4.630	6.95508E-14
4.640	1.88752E-13
4.650	1.42187E-14
4.660	1.46079E-15
4.670	1.48758E-14
4.680	8.05769E-14
4.690	6.33220E-14
4.700	8.08277E-14
4.710	6.32909E-14
4.720	2.66144E-14
4.730	2.92326E-14
4.740	7.91287E-15
4.750	1.08827E-14
4.760	4.92290E-13
4.770	7.19182E-15
4.780	1.07707E-14
4.790	1.30881E-14
4.800	1.13142E-14
4.810	8.05925E-15
4.820	2.66929E-14
4.830	8.11843E-14
4.840	3.44339E-15
4.850	6.10474E-13
4.860	5.46790E-13
4.870	5.11437E-13
4.880	7.79611E-13
4.890	5.97403E-14
4.900	1.02271E-14
4.910	1.63521E-14
4.920	1.52169E-14
4.930	7.09533E-14
4.940	4.33259E-14
4.950	1.17580E-12
4.960	1.16786E-13
4.970	3.14125E-12
4.980	1.90620E-12
4.990	1.06180E-12
5.000	2.09940E-12
5.010	6.74331E-10
5.020	4.81215E-10
5.030	8.54831E-10
5.040	8.36607E-10
5.050	1.30071E-09
5.060	1.61030E-09
5.070	1.50270E-09
5.080	1.87661E-09
5.090	1.99037E-09
5.100	2.75961E-09
5.110	2.86556E-09
5.120	2.89512E-09
5.130	3.18012E-09
5.140	2.52607E-09
5.150	3.19417E-09
5.160	3.03682E-09
5.170	2.22553E-09
5.180	2.18649E-09
5.190	2.95125E-09
5.200	2.76750E-09
5.210	2.76276E-09
5.220	1.86726E-09
5.230	2.32046E-09
5.240	1.68506E-09
5.250	1.59629E-09
5.260	1.62122E-09
5.270	1.41159E-09
5.280	1.50098E-09
5.290	8.32873E-10
5.300	8.45962E-10
5.310	4.10527E-10
5.320	5.74192E-10
5.330	8.19644E-10
5.340	1.09296E-09
5.350	1.33793E-09
5.360	1.11616E-09
5.370	1.87188E-09
5.380	1.65703E-09
5.390	2.00278E-09
5.400	2.76426E-09
5.410	3.09445E-09
5.420	3.36070E-09
5.430	3.49006E-09
5.440	4.29522E-09
5.450	4.26092E-09
5.460	4.83095E-09
5.470	5.67185E-09
5.480	6.10803E-09
5.490	6.05337E-09
5.500	6.25127E-09
5.510	6.16407E-09
5.520	6.40380E-09
5.530	6.50506E-09
5.540	6.53935E-09
5.550	6.41946E-09
5.560	6.15162E-09
5.570	6.10018E-09
5.580	5.86649E-09
5.590	5.54419E-09
5.600	4.96321E-09
5.610	4.38699E-09
5.620	3.77972E-09
5.630	3.25950E-09
5.640	3.07110E-09
5.650	3.32336E-09
5.660	3.46661E-09
5.670	3.60529E-09
5.680	3.68627E-09
5.690	5.08629E-09
5.700	7.30561E-09
5.710	9.48581E-09
5.720	1.18453E-08
5.730	1.47497E-08
5.740	1.73334E-08
5.750	2.19426E-08
5.760	2.48247E-08
5.770	2.92790E-08
5.780	3.29844E-08
5.790	3.50086E-08
5.800	3.81397E-08
5.810	4.27177E-08
5.820	4.60052E-08
5.830	4.85746E-08
5.840	4.89007E-08
5.850	5.13778E-08
5.860	5.12218E-08
5.870	5.07700E-08
5.880	5.18759E-08
5.890	5.56282E-08
5.900	5.33712E-08
5.910	5.13147E-08
5.920	4.87297E-08
5.930	4.74519E-08
5.940	4.54125E-08
5.950	4.39647E-08
5.960	4.14262E-08
5.970	3.79832E-08
5.980	3.46823E-08
5.990	3.16144E-08
6.000	3.00567E-08
6.010	2.72230E-08
6.020	2.44186E-08
6.030	2.17413E-08
6.040	1.87666E-08
6.050	1.60408E-08
6.060	1.30304E-08
6.070	1.16303E-08
6.080	1.00169E-08
6.090	8.19327E-09
6.100	6.66705E-09
6.110	5.19542E-09
6.120	4.91961E-09
6.130	5.49282E-09
6.140	6.42883E-09
6.150	7.75089E-09
6.160	9.29578E-09
6.170	1.12301E-08
6.180	1.66327E-08
6.190	2.42488E-08
6.200	3.55548E-08
6.210	5.33076E-08
6.220	1.13407E-07
6.230	9.80048E-08
6.240	1.27595E-07
6.250	1.71152E-07
6.260	1.47903E-07
6.270	3.17544E-07
6.280	2.77675E-07
6.290	1.53229E-07
6.300	1.16257E-07
6.310	4.04437E-08
6.320	3.98845E-08
6.330	3.63791E-08
6.340	3.49164E-08
6.350	3.09764E-08
6.360	2.71132E-08
6.370	2.25667E-08
6.380	1.84859E-08
6.390	1.59155E-08
6.400	1.25119E-08
6.410	1.03315E-08
6.420	8.87695E-09
6.430	9.00000E-09
6.440	1.11196E-08
6.450	1.44631E-08
6.460	1.83452E-08
6.470	2.10866E-08
6.480	2.50108E-08
6.490	2.90909E-08
6.500	3.48692E-08
6.510	3.91367E-08
6.520	4.45552E-08
6.530	4.98193E-08
6.540	5.56284E-08
6.550	6.20611E-08
6.560	6.40534E-08
6.570	6.98326E-08
6.580	7.59362E-08
6.590	8.77572E-08
6.600	9.81136E-08
6.610	1.08112E-07
6.620	1.13406E-07
6.630	1.30443E-07
6.640	1.41563E-07
6.650	1.54722E-07
6.660	1.65390E-07
6.670	1.76297E-07
6.680	1.87201E-07
6.690	1.85007E-07
6.700	1.86254E-07
6.710	1.88286E-07
6.720	1.81116E-07
6.730	1.69911E-07
6.740	1.56513E-07
6.750	1.32468E-07
6.760	1.13936E-07
6.770	1.02505E-07
6.780	8.44867E-08
6.790	8.09352E-08
6.800	8.78971E-08
6.810	1.06087E-07
6.820	1.25740E-07
6.830	1.47526E-07
6.840	1.62588E-07
6.850	1.86876E-07
6.860	2.11327E-07
6.870	2.34687E-07
6.880	2.61788E-07
6.890	2.97141E-07
6.900	3.46203E-07
6.910	3.73603E-07
6.920	4.07095E-07
6.930	4.49769E-07
6.940	4.54438E-07
6.950	4.73439E-07
6.960	4.85273E-07
6.970	4.94778E-07
6.980	5.16734E-07
6.990	4.99914E-07
7.000	5.03186E-07
7.010	5.21084E-07
7.020	5.18291E-07
7.030	5.05676E-07
7.040	4.87770E-07
7.050	4.54596E-07
7.060	4.34972E-07
7.070	4.34653E-07
7.080	4.05071E-07
7.090	4.06629E-07
7.100	3.92141E-07
7.110	3.69564E-07
7.120	3.67219E-07
7.130	3.39032E-07
7.140	3.21905E-07
7.150	3.02909E-07
7.160	2.89358E-07
7.170	2.61325E-07
7.180	2.49025E-07
7.190	2.25661E-07
7.200	2.11028E-07
7.210	1.93426E-07
7.220	1.72548E-07
7.230	1.63057E-07
7.240	1.44972E-07
7.250	1.36970E-07
7.260	1.24277E-07
7.270	1.11242E-07
7.280	1.02676E-07
7.290	9.24294E-08
7.300	8.39260E-08
7.310	7.57962E-08
7.320	6.76981E-08
7.330	5.89932E-08
7.340	5.01158E-08
7.350	4.09741E-08
7.360	3.27826E-08
7.370	2.49172E-08
7.380	1.77534E-08
7.390	1.73951E-08
7.400	2.09459E-08
7.410	2.65371E-08
7.420	3.32965E-08
7.430	4.22194E-08
7.440	4.88548E-08
7.450	5.56134E-08
7.460	5.87895E-08
7.470	6.13293E-08
7.480	6.07995E-08
7.490	6.22163E-08
7.500	6.00520E-08
7.510	5.60959E-08
7.520	5.45545E-08
7.530	5.03958E-08
7.540	4.63780E-08
7.550	4.19086E-08
7.560	3.62394E-08
7.570	3.23461E-08
7.580	2.69894E-08
7.590	2.36100E-08
7.600	1.87500E-08
7.610	1.68975E-08
7.620	1.40866E-08
7.630	1.30071E-08
7.640	1.28716E-08
7.650	1.28918E-08
7.660	1.26753E-08
7.670	1.29525E-08
7.680	1.41003E-08
7.690	1.47165E-08
7.700	1.56364E-08
7.710	1.58846E-08
7.720	1.68977E-08
7.730	1.84230E-08
7.740	1.91550E-08
7.750	2.03548E-08
7.760	2.21302E-08
7.770	2.27220E-08
7.780	2.45913E-08
7.790	2.55558E-08
7.800	2.58526E-08
7.810	2.68950E-08
7.820	2.87174E-08
7.830	3.01188E-08
7.840	2.97615E-08
7.850	3.02280E-08
7.860	3.18168E-08
7.870	3.11944E-08
7.880	3.27665E-08
7.890	3.37795E-08
7.900	3.37633E-08
7.910	3.52124E-08
7.920	3.66919E-08
7.930	3.83417E-08
7.940	4.13161E-08
7.950	4.30918E-08
7.960	4.36997E-08
7.970	4.77491E-08
7.980	4.82318E-08
7.990	5.03955E-08
8.000	5.26075E-08
8.010	5.28414E-08
8.020	5.29339E-08
8.030	5.40560E-08
8.040	5.18134E-08
8.050	5.17193E-08
8.060	4.89628E-08
8.070	4.76245E-08
8.080	4.58329E-08
8.090	4.31854E-08
8.100	4.31852E-08
8.110	4.25623E-08
8.120	4.03350E-08
8.130	4.00861E-08
8.140	4.25467E-08
8.150	4.11141E-08
8.160	4.25466E-08
8.170	4.45557E-08
8.180	4.70795E-08
8.190	5.02564E-08
8.200	5.39159E-08
8.210	5.90085E-08
8.220	6.59696E-08
8.230	7.48311E-08
8.240	9.00777E-08
8.250	1.00325E-07
8.260	1.18063E-07
8.270	1.46614E-07
8.280	1.57295E-07
8.290	1.86731E-07
8.300	2.28157E-07
8.310	1.52431E-08
8.320	1.27019E-08
8.330	1.19808E-08
8.340	1.05090E-08
8.350	1.02630E-08
8.360	1.04468E-08
8.370	9.79737E-09
8.380	9.62291E-09
8.390	9.78021E-09
8.400	9.30048E-09
8.410	8.46885E-09
8.420	8.02815E-09
8.430	7.53298E-09
8.440	7.36943E-09
8.450	7.01432E-09
8.460	6.43345E-09
8.470	6.16246E-09
8.480	6.04564E-09
8.490	5.95995E-09
8.500	5.89153E-09
8.510	5.91481E-09
8.520	6.12512E-09
8.530	5.98335E-09
8.540	6.33068E-09
8.550	6.22480E-09
8.560	6.54241E-09
8.570	6.44282E-09
8.580	6.53939E-09
8.590	6.66705E-09
8.600	6.78070E-09
8.610	6.91150E-09
8.620	7.23701E-09
8.630	7.33673E-09
8.640	7.40833E-09
8.650	7.32740E-09
8.660	7.57806E-09
8.670	7.75559E-09
8.680	7.91141E-09
8.690	8.07802E-09
8.700	8.21195E-09
8.710	8.27577E-09
8.720	8.40814E-09
8.730	8.50470E-09
8.740	8.24771E-09
8.750	8.45954E-09
8.760	8.54829E-09
8.770	8.46112E-09
8.780	8.64954E-09
8.790	8.84733E-09
8.800	9.11989E-09
8.810	9.62599E-09
8.820	9.90011E-09
8.830	9.93590E-09
8.840	1.01135E-08
8.850	1.06025E-08
8.860	1.06071E-08
8.870	1.08937E-08
8.880	1.11958E-08
8.890	1.15771E-08
8.900	1.23315E-08
8.910	1.26510E-08
8.920	1.32590E-08
8.930	1.37111E-08
8.940	1.40459E-08
8.950	1.46235E-08
8.960	1.49721E-08
8.970	1.54147E-08
8.980	1.57294E-08
8.990	1.58699E-08
9.000	1.56356E-08
9.010	1.62431E-08
9.020	1.68193E-08
9.030	1.69435E-08
9.040	1.67732E-08
9.050	1.72862E-08
9.060	1.75353E-08
9.070	1.77696E-08
9.080	1.78943E-08
9.090	1.80341E-08
9.100	1.80967E-08
9.110	1.80340E-08
9.120	1.79254E-08
9.130	1.80964E-08
9.140	1.75667E-08
9.150	1.74426E-08
9.160	1.74738E-08
9.170	1.73490E-08
9.180	1.73954E-08
9.190	1.70533E-08
9.200	1.65239E-08
9.210	1.56048E-08
9.220	1.54360E-08
9.230	1.48072E-08
9.240	1.37392E-08
9.250	1.31070E-08
9.260	1.27019E-08
9.270	1.23441E-08
9.280	1.16412E-08
9.290	1.13843E-08
9.300	1.12409E-08
9.310	1.09560E-08
9.320	1.06773E-08
9.330	1.02755E-08
9.340	1.02786E-08
9.350	1.01446E-08
9.360	9.85182E-09
9.370	9.64002E-09
9.380	9.53262E-09
9.390	9.43131E-09
9.400	9.33011E-09
9.410	9.23199E-09
9.420	9.13854E-09
9.430	9.04666E-09
9.440	8.96886E-09
9.450	8.90032E-09
9.460	8.77262E-09
9.470	8.67909E-09
9.480	8.54831E-09
9.490	8.44247E-09
9.500	8.30537E-09
9.510	8.21977E-09
9.520	8.11691E-09
9.530	7.99549E-09
9.540	7.93627E-09
9.550	7.86461E-09
9.560	7.81015E-09
9.570	7.63887E-09
9.580	7.79770E-09
9.590	7.75568E-09
9.600	7.59990E-09
9.610	7.55786E-09
9.620	7.50489E-09
9.630	7.46906E-09
9.640	7.50021E-09
9.650	7.44415E-09
9.660	7.58282E-09
9.670	7.63413E-09
9.680	7.61860E-09
9.690	7.50175E-09
9.700	7.45505E-09
9.710	7.51895E-09
9.720	7.41770E-09
9.730	7.31028E-09
9.740	7.26037E-09
9.750	7.22769E-09
9.760	7.32428E-09
9.770	7.33511E-09
9.780	7.28067E-09
9.790	7.28059E-09
9.800	7.29000E-09
9.810	7.26667E-09
9.820	7.25265E-09
9.830	7.23703E-09
9.840	7.26667E-09
9.850	7.28995E-09
9.860	7.27444E-09
9.870	7.18723E-09
9.880	7.17632E-09
9.890	7.22305E-09
9.900	7.17939E-09
9.910	7.12180E-09
9.920	7.24950E-09
9.930	7.23545E-09
9.940	7.23390E-09
9.950	7.22151E-09
9.960	7.25884E-09
9.970	7.27131E-09
9.980	7.26353E-09
9.990	7.21522E-09
10.000	7.22460E-09
10.010	7.23706E-09
10.020	7.26667E-09
10.030	7.28375E-09
10.040	7.31643E-09
10.050	7.35075E-09
10.060	7.33827E-09
10.070	7.33823E-09
10.080	7.31806E-09
10.090	7.18097E-09
10.100	7.31337E-09
10.110	7.24016E-09
10.120	7.21057E-09
10.130	7.17167E-09
10.140	7.13895E-09
10.150	7.12020E-09
10.160	7.06575E-09
10.170	7.02212E-09
10.180	6.99411E-09
10.190	6.98008E-09
10.200	6.94422E-09
10.210	6.92713E-09
10.220	6.89442E-09
10.230	6.91153E-09
10.240	6.84307E-09
10.250	6.82429E-09
10.260	6.82437E-09
10.270	6.75112E-09
10.280	6.72471E-09
10.290	6.69504E-09
10.300	6.72777E-09
10.310	6.77294E-09
10.320	6.80407E-09
10.330	6.83369E-09
10.340	6.86480E-09
10.350	6.89594E-09
10.360	7.01593E-09
10.370	7.09373E-09
10.380	7.07351E-09
10.390	7.03301E-09
10.400	6.95356E-09
10.410	6.92085E-09
10.420	6.93647E-09
10.430	6.91151E-09
10.440	6.87261E-09
10.450	6.84306E-09
10.460	6.85860E-09
10.470	6.85855E-09
10.480	6.73397E-09
10.490	6.83060E-09
10.500	6.90533E-09
10.510	6.92093E-09
10.520	6.95513E-09
10.530	7.02991E-09
10.540	7.07666E-09
10.550	7.11403E-09
10.560	7.06108E-09
10.570	7.01429E-09
10.580	7.01749E-09
10.590	7.00500E-09
10.600	6.97849E-09
10.610	6.96758E-09
10.620	6.94115E-09
10.630	6.91157E-09
10.640	6.96447E-09
10.650	6.91624E-09
10.660	6.86642E-09
10.670	6.82896E-09
10.680	6.80721E-09
10.690	6.76511E-09
10.700	6.73561E-09
10.710	6.69823E-09
10.720	6.65457E-09
10.730	6.64520E-09
10.740	6.64683E-09
10.750	6.64837E-09
10.760	6.58606E-09
10.770	6.53463E-09
10.780	6.59072E-09
10.790	6.59073E-09
10.800	6.57204E-09
10.810	6.54403E-09
10.820	6.52847E-09
10.830	6.45365E-09
10.840	6.46928E-09
10.850	6.51134E-09
10.860	6.54715E-09
10.870	6.55336E-09
10.880	6.53621E-09
10.890	6.54086E-09
10.900	6.55339E-09
10.910	6.66077E-09
10.920	6.70595E-09
10.930	6.73403E-09
10.940	6.79314E-09
10.950	6.87105E-09
10.960	6.93960E-09
10.970	7.01276E-09
10.980	7.09372E-09
10.990	7.20273E-09
11.000	7.36627E-09
11.010	7.55159E-09
11.020	7.73848E-09
11.030	7.92384E-09
11.040	8.24928E-09
11.050	8.64796E-09
11.060	9.07505E-09
11.070	9.57453E-09
11.080	1.01245E-08
11.090	1.08440E-08
11.100	1.16505E-08
11.110	7.40837E-09
11.120	6.69973E-09
11.130	5.99272E-09
11.140	5.14237E-09
11.150	4.59731E-09
11.160	4.11452E-09
11.170	3.70179E-09
11.180	3.28918E-09
11.190	2.95273E-09
11.200	2.72536E-09
11.210	2.51356E-09
11.220	2.32513E-09
11.230	2.16785E-09
11.240	2.05730E-09
11.250	1.93582E-09
11.260	1.83455E-09
11.270	1.71775E-09
11.280	1.65860E-09
11.290	1.64305E-09
11.300	1.59938E-09
11.310	1.56207E-09
11.320	1.50080E-09
11.330	1.49117E-09
11.340	1.48651E-09
11.350	1.49956E-09
11.360	1.50581E-09
11.370	1.50317E-09
11.380	1.48339E-09
11.390	1.51528E-09
11.400	1.54351E-09
11.410	1.55565E-09
11.420	1.58380E-09
11.430	1.59781E-09
11.440	1.62587E-09
11.450	1.63834E-09
11.460	1.67260E-09
11.470	1.70846E-09
11.480	1.72395E-09
11.490	1.73960E-09
11.500	1.76913E-09
11.510	1.80808E-09
11.520	1.84080E-09
11.530	1.86886E-09
11.540	1.88284E-09
11.550	1.91558E-09
11.560	1.93270E-09
11.570	1.94823E-09
11.580	1.99499E-09
11.590	2.02148E-09
11.600	2.04948E-09
11.610	2.07907E-09
11.620	2.11489E-09
11.630	2.15847E-09
11.640	2.18033E-09
11.650	2.22858E-09
11.660	2.28619E-09
11.670	2.32665E-09
11.680	2.37654E-09
11.690	2.42010E-09
11.700	2.47154E-09
11.710	2.52912E-09
11.720	2.58831E-09
11.730	2.63657E-09
11.740	2.67087E-09
11.750	2.73004E-09
11.760	2.78452E-09
11.770	2.81572E-09
11.780	2.86239E-09
11.790	2.92316E-09
11.800	2.98237E-09
11.810	3.06952E-09
11.820	3.12098E-09
11.830	3.18943E-09
11.840	3.25490E-09
11.850	3.31561E-09
11.860	3.36703E-09
11.870	3.39815E-09
11.880	3.49470E-09
11.890	3.59596E-09
11.900	3.65202E-09
11.910	3.70336E-09
11.920	3.76728E-09
11.930	3.80461E-09
11.940	3.79372E-09
11.950	3.84201E-09
11.960	3.89181E-09
11.970	3.94010E-09
11.980	3.97437E-09
11.990	4.02419E-09
12.000	4.06000E-09
12.010	4.15970E-09
12.020	4.18461E-09
12.030	4.18462E-09
12.040	4.09427E-09
12.050	4.11452E-09
12.060	4.11924E-09
12.070	4.13944E-09
12.080	4.15811E-09
12.090	4.17527E-09
12.100	4.18926E-09
12.110	4.20173E-09
12.120	4.19860E-09
12.130	4.21261E-09
12.140	4.22669E-09
12.150	4.24222E-09
12.160	4.25781E-09
12.170	4.38398E-09
12.180	4.41199E-09
12.190	4.40107E-09
12.200	4.32320E-09
12.210	4.35594E-09
12.220	4.36997E-09
12.230	4.45560E-09
12.240	4.47426E-09
12.250	4.46498E-09
12.260	4.44935E-09
12.270	4.43064E-09
12.280	4.40261E-09
12.290	4.35745E-09
12.300	4.25472E-09
12.310	4.22201E-09
12.320	4.20487E-09
12.330	4.17372E-09
12.340	4.23290E-09
12.350	4.20955E-09
12.360	4.15032E-09
12.370	4.00396E-09
12.380	3.96034E-09
12.390	3.91517E-09
12.400	3.87000E-09
12.410	3.87784E-09
12.420	3.85604E-09
12.430	3.80619E-09
12.440	3.72211E-09
12.450	3.65197E-09
12.460	3.60682E-09
12.470	3.60682E-09
12.480	3.56322E-09
12.490	3.50560E-09
12.500	3.45576E-09
12.510	3.38106E-09
12.520	3.25024E-09
12.530	3.20040E-09
12.540	3.15207E-09
12.550	3.15522E-09
12.560	3.11003E-09
12.570	3.05863E-09
12.580	3.00572E-09
12.590	2.94805E-09
12.600	2.87484E-09
12.610	2.83125E-09
12.620	2.80483E-09
12.630	2.76587E-09
12.640	2.72073E-09
12.650	2.67241E-09
12.660	2.61793E-09
12.670	2.51665E-09
12.680	2.46995E-09
12.690	2.42325E-09
12.700	2.36094E-09
12.710	2.33139E-09
12.720	2.31423E-09
12.730	2.31422E-09
12.740	2.29867E-09
12.750	2.28306E-09
12.760	2.28307E-09
12.770	2.26750E-09
12.780	2.31424E-09
12.790	2.35942E-09
12.800	2.42172E-09
12.810	2.48244E-09
12.820	2.55874E-09
12.830	2.63507E-09
12.840	2.78925E-09
12.850	2.99634E-09
12.860	3.24712E-09
12.870	3.53209E-09
12.880	3.85916E-09
12.890	4.24849E-09
12.900	4.71256E-09
12.910	5.14392E-09
12.920	5.63452E-09
12.930	6.24029E-09
12.940	6.98941E-09
12.950	7.93591E-09
12.960	9.25231E-09
12.970	1.05729E-08
12.980	1.18328E-08
12.990	1.33734E-08
13.000	1.52854E-08
13.010	1.78939E-08
13.020	2.13049E-08
13.030	2.59302E-08
13.040	2.83436E-08
13.050	3.09916E-08
13.060	3.41685E-08
13.070	3.79220E-08
13.080	4.27339E-08
13.090	4.93995E-08
13.100	4.56305E-08
13.110	5.35263E-08
13.120	5.29970E-08
13.130	5.27167E-08
13.140	5.20472E-08
13.150	5.12061E-08
13.160	5.01778E-08
13.170	4.82316E-08
13.180	4.60819E-08
13.190	4.40576E-08
13.200	2.98705E-08
13.210	7.88796E-08
13.220	7.93343E-08
13.230	8.00302E-08
13.240	8.03474E-08
13.250	8.06717E-08
13.260	8.09351E-08
13.270	8.09344E-08
13.280	8.08133E-08
13.290	8.08728E-08
13.300	8.08722E-08
13.310	8.09016E-08
13.320	8.08408E-08
13.330	8.06227E-08
13.340	8.01874E-08
13.350	7.74307E-08
13.360	8.19012E-08
13.370	8.17427E-08
13.380	7.87743E-08
13.390	7.92830E-08
13.400	7.87985E-08
13.410	8.07457E-08
13.420	8.06557E-08
13.430	8.03723E-08
13.440	7.73661E-08
13.450	7.78513E-08
13.460	8.06538E-08
13.470	8.06830E-08
13.480	8.09199E-08
13.490	8.09637E-08
13.500	8.10593E-08
13.510	8.14508E-08
13.520	8.17012E-08
13.530	8.21064E-08
13.540	8.23708E-08
13.550	8.28044E-08
13.560	8.32596E-08
13.570	8.35372E-08
13.580	8.13697E-08
13.590	8.25533E-08
13.600	8.27868E-08
13.610	8.25055E-08
13.620	8.44567E-08
13.630	8.45781E-08
13.640	8.45308E-08
13.650	8.23516E-08
13.660	8.28843E-08
13.670	8.30505E-08
13.680	8.30994E-08
13.690	8.30679E-08
13.700	8.29635E-08
13.710	8.27571E-08
13.720	8.28207E-08
13.730	8.32556E-08
13.740	8.35808E-08
13.750	8.37091E-08
13.760	8.36919E-08
13.770	8.26362E-08
13.780	8.40058E-08
13.790	8.39449E-08
13.800	8.40507E-08
13.810	8.41564E-08
13.820	8.44428E-08
13.830	8.45336E-08
13.840	8.46387E-08
13.850	8.48736E-08
13.860	8.49351E-08
13.870	8.51262E-08
13.880	8.52810E-08
13.890	8.54068E-08
13.900	8.55468E-08
13.910	8.56722E-08
13.920	8.45474E-08
13.930	8.51256E-08
13.940	8.51865E-08
13.950	8.39427E-08
13.960	8.62464E-08
13.970	8.62491E-08
13.980	8.64306E-08
13.990	8.64832E-08
14.000	8.65429E-08
14.010	8.57173E-08
14.020	8.62625E-08
14.030	8.61083E-08
14.040	8.67308E-08
14.050	8.68043E-08
14.060	8.69488E-08
14.070	8.71784E-08
14.080	8.58381E-08
14.090	8.62314E-08
14.100	8.70709E-08
14.110	8.65273E-08
14.120	8.60411E-08
14.130	8.56051E-08
14.140	8.42999E-08
14.150	8.44523E-08
14.160	8.42867E-08
14.170	8.38814E-08
14.180	8.25388E-08
14.190	8.36786E-08
14.200	8.34437E-08
14.210	8.19001E-08
14.220	8.23347E-08
14.230	8.23401E-08
14.240	8.22612E-08
14.250	8.22877E-08
14.260	8.25105E-08
14.270	8.26489E-08
14.280	8.26611E-08
14.290	8.23653E-08
14.300	8.21189E-08
14.310	8.19147E-08
14.320	8.19972E-08
14.330	8.22749E-08
14.340	8.23989E-08
14.350	8.24599E-08
14.360	8.19777E-08
14.370	8.30411E-08
14.380	8.33310E-08
14.390	8.34607E-08
14.400	8.37083E-08
14.410	8.39695E-08
14.420	8.42094E-08
14.430	8.46085E-08
14.440	8.22784E-08
14.450	8.40484E-08
14.460	8.54979E-08
14.470	8.57498E-08
14.480	8.61533E-08
14.490	8.65562E-08
14.500	8.63586E-08
14.510	8.74776E-08
14.520	8.80510E-08
14.530	8.86579E-08
14.540	8.90509E-08
14.550	8.81924E-08
14.560	9.00481E-08
14.570	9.06383E-08
14.580	9.06722E-08
14.590	9.22550E-08
14.600	9.32671E-08
14.610	9.37714E-08
14.620	9.41587E-08
14.630	9.40807E-08
14.640	9.45628E-08
14.650	9.61024E-08
14.660	9.69918E-08
14.670	9.78323E-08
14.680	9.85150E-08
14.690	9.87202E-08
14.700	9.89864E-08
14.710	9.94833E-08
14.720	1.00136E-07
14.730	1.00808E-07
14.740	1.01167E-07
14.750	1.01539E-07
14.760	1.02087E-07
14.770	1.01571E-07
14.780	1.02848E-07
14.790	1.03239E-07
14.800	1.03608E-07
14.810	1.03970E-07
14.820	1.04359E-07
14.830	1.04376E-07
14.840	1.04562E-07
14.850	1.04310E-07
14.860	1.05821E-07
14.870	1.06214E-07
14.880	1.06290E-07
14.890	1.05977E-07
14.900	1.05477E-07
14.910	1.04842E-07
14.920	1.04920E-07
14.930	1.04856E-07
14.940	1.03474E-07
14.950	1.05666E-07
14.960	1.05963E-07
14.970	1.06166E-07
14.980	1.06028E-07
14.990	1.05917E-07
15.000	1.05727E-07
15.010	1.05696E-07
15.020	1.05899E-07
15.030	1.06181E-07
15.040	1.06350E-07
15.050	1.06478E-07
15.060	1.06554E-07
15.070	1.06682E-07
15.080	1.06585E-07
15.090	1.06209E-07
15.100	1.05762E-07
15.110	1.04341E-07
15.120	1.05337E-07
15.130	1.03952E-07
15.140	1.05026E-07
15.150	1.05089E-07
15.160	1.04875E-07
15.170	1.04608E-07
15.180	1.03972E-07
15.190	1.02739E-07
15.200	1.04013E-07
15.210	1.03826E-07
15.220	1.03640E-07
15.230	1.03598E-07
15.240	1.03425E-07
15.250	1.03239E-07
15.260	1.03204E-07
15.270	1.03189E-07
15.280	1.03141E-07
15.290	1.03126E-07
15.300	1.03111E-07
15.310	1.01744E-07
15.320	1.02082E-07
15.330	1.01898E-07
15.340	1.00619E-07
15.350	1.03147E-07
15.360	1.03145E-07
15.370	1.03318E-07
15.380	1.01443E-07
15.390	1.01943E-07
15.400	1.01805E-07
15.410	1.01415E-07
15.420	1.01602E-07
15.430	1.02100E-07
15.440	1.02753E-07
15.450	1.03204E-07
15.460	1.03609E-07
15.470	1.03594E-07
15.480	1.02849E-07
15.490	1.06198E-07
15.500	1.06568E-07
15.510	1.06957E-07
15.520	1.05090E-07
15.530	1.06246E-07
15.540	1.07349E-07
15.550	1.08469E-07
15.560	1.09235E-07
15.570	1.09794E-07
15.580	1.09904E-07
15.590	1.13252E-07
15.600	1.14032E-07
15.610	1.14779E-07
15.620	1.15666E-07
15.630	1.16398E-07
15.640	1.17238E-07
15.650	1.16147E-07
15.660	1.17331E-07
15.670	1.18143E-07
15.680	1.18827E-07
15.690	1.19528E-07
15.700	1.20433E-07
15.710	1.21445E-07
15.720	1.22271E-07
15.730	1.22873E-07
15.740	1.23386E-07
15.750	1.23822E-07
15.760	1.24042E-07
15.770	1.23545E-07
15.780	1.26907E-07
15.790	1.27467E-07
15.800	1.27981E-07
15.810	1.28684E-07
15.820	1.25367E-07
15.830	1.26955E-07
15.840	1.27096E-07
15.850	1.30726E-07
15.860	1.31255E-07
15.870	1.31752E-07
15.880	1.32280E-07
15.890	1.32782E-07
15.900	1.33308E-07
15.910	1.33809E-07
15.920	1.31394E-07
15.930	1.32580E-07
15.940	1.32861E-07
15.950	1.32176E-07
15.960	1.36284E-07
15.970	1.36863E-07
15.980	1.37403E-07
15.990	1.37949E-07
16.000	1.38494E-07
16.010	1.39275E-07
16.020	1.39869E-07
16.030	1.40505E-07
16.040	1.41110E-07
16.050	1.41763E-07
16.060	1.42403E-07
16.070	1.43062E-07
16.080	1.43744E-07
16.090	1.42374E-07
16.100	1.44037E-07
16.110	1.44724E-07
16.120	1.46706E-07
16.130	1.46875E-07
16.140	1.46983E-07
16.150	1.48632E-07
16.160	1.48558E-07
16.170	1.48398E-07
16.180	1.49802E-07
16.190	1.49586E-07
16.200	1.49710E-07
16.210	1.50191E-07
16.220	1.52386E-07
16.230	1.52902E-07
16.240	1.53319E-07
16.250	1.53588E-07
16.260	1.53727E-07
16.270	1.55286E-07
16.280	1.55098E-07
16.290	1.54690E-07
16.300	1.53975E-07
16.310	1.51968E-07
16.320	1.54118E-07
16.330	1.54103E-07
16.340	1.54082E-07
16.350	1.53119E-07
16.360	1.54181E-07
16.370	1.54398E-07
16.380	1.53712E-07
16.390	1.54179E-07
16.400	1.54256E-07
16.410	1.54321E-07
16.420	1.54379E-07
16.430	1.56050E-07
16.440	1.56204E-07
16.450	1.56201E-07
16.460	1.56361E-07
16.470	1.56357E-07
16.480	1.56517E-07
16.490	1.56513E-07
16.500	1.58230E-07
16.510	1.58225E-07
16.520	1.58226E-07
16.530	1.58227E-07
16.540	1.59940E-07
16.550	1.59940E-07
16.560	1.61498E-07
16.570	1.61497E-07
16.580	1.61345E-07
16.590	1.63520E-07
16.600	1.64301E-07
16.610	1.65701E-07
16.620	1.65078E-07
16.630	1.64612E-07
16.640	1.66947E-07
16.650	1.68348E-07
16.660	1.67413E-07
16.670	1.69442E-07
16.680	1.69754E-07
16.690	1.72397E-07
16.700	1.73802E-07
16.710	1.75045E-07
16.720	1.76447E-07
16.730	1.77848E-07
16.740	1.79098E-07
16.750	1.80496E-07
16.760	1.81897E-07
16.770	1.83304E-07
16.780	1.84702E-07
16.790	1.85950E-07
16.800	1.88440E-07
16.810	1.90000E-07
16.820	1.89530E-07
16.830	1.93113E-07
16.840	1.96229E-07
16.850	1.97626E-07
16.860	1.98873E-07
16.870	2.01992E-07
16.880	2.03235E-07
16.890	2.04636E-07
16.900	2.08686E-07
16.910	2.11490E-07
16.920	2.14758E-07
16.930	2.16161E-07
16.940	2.17409E-07
16.950	2.20053E-07
16.960	2.21144E-07
16.970	2.24414E-07
16.980	2.27839E-07
16.990	2.29712E-07
17.000	2.33135E-07
17.010	2.34850E-07
17.020	2.37961E-07
17.030	2.40922E-07
17.040	2.42013E-07
17.050	2.44663E-07
17.060	2.46999E-07
17.070	2.49490E-07
17.080	2.51200E-07
17.090	2.55249E-07
17.100	2.59298E-07
17.110	2.62881E-07
17.120	2.65532E-07
17.130	2.66311E-07
17.140	2.66931E-07
17.150	2.68490E-07
17.160	2.71603E-07
17.170	2.74560E-07
17.180	2.83749E-07
17.190	2.87801E-07
17.200	2.92314E-07
17.210	2.94497E-07
17.220	2.96208E-07
17.230	2.99170E-07
17.240	2.99321E-07
17.250	2.93872E-07
17.260	2.95585E-07
17.270	2.97145E-07
17.280	3.00417E-07
17.290	3.02128E-07
17.300	3.03838E-07
17.310	3.12403E-07
17.320	3.20035E-07
17.330	3.22839E-07
17.340	3.23616E-07
17.350	3.21597E-07
17.360	3.17391E-07
17.370	3.19102E-07
17.380	3.20817E-07
17.390	3.24089E-07
17.400	3.34362E-07
17.410	3.40281E-07
17.420	3.42773E-07
17.430	3.39036E-07
17.440	3.37013E-07
17.450	3.40281E-07
17.460	3.50561E-07
17.470	3.60681E-07
17.480	3.66447E-07
17.490	3.71121E-07
17.500	3.74857E-07
17.510	3.77813E-07
17.520	3.81866E-07
17.530	3.87005E-07
17.540	3.91055E-07
17.550	3.94946E-07
17.560	3.88559E-07
17.570	3.94479E-07
17.580	4.01797E-07
17.590	4.09272E-07
17.600	4.20795E-07
17.610	4.36684E-07
17.620	4.46493E-07
17.630	4.56149E-07
17.640	4.63158E-07
17.650	4.72504E-07
17.660	4.80912E-07
17.670	4.89010E-07
17.680	4.99910E-07
17.690	5.10034E-07
17.700	5.21559E-07
17.710	5.30124E-07
17.720	5.34639E-07
17.730	5.47721E-07
17.740	5.60958E-07
17.750	5.75437E-07
17.760	5.90090E-07
17.770	6.09060E-07
17.780	6.40101E-07
17.790	6.67004E-07
17.800	6.91910E-07
17.810	7.14542E-07
17.820	7.37430E-07
17.830	7.58890E-07
17.840	7.83184E-07
17.850	8.09804E-07
17.860	8.38186E-07
17.870	8.70397E-07
17.880	9.05145E-07
17.890	9.45780E-07
17.900	9.90168E-07
17.910	1.03562E-06
17.920	1.07706E-06
17.930	1.13296E-06
17.940	1.19933E-06
17.950	1.26674E-06
17.960	1.36720E-06
17.970	1.46856E-06
17.980	1.57447E-06
17.990	1.70528E-06
18.000	1.83300E-06
18.010	1.97007E-06
18.020	2.08374E-06
18.030	2.19273E-06
18.040	2.38121E-06
18.050	2.56809E-06
18.060	2.77990E-06
18.070	3.02905E-06
18.080	3.31250E-06
18.090	3.67535E-06
18.100	4.05066E-06
18.110	4.64561E-06
18.120	5.35105E-06
18.130	6.25593E-06
18.140	6.25413E-06
18.150	6.44904E-06
18.160	6.32434E-06
18.170	6.17666E-06
18.180	5.98185E-06
18.190	5.77460E-06
18.200	5.52418E-06
18.210	5.30126E-06
18.220	3.80148E-06
18.230	4.60197E-06
18.240	4.93525E-06
18.250	5.08477E-06
18.260	5.05986E-06
18.270	3.68938E-06
18.280	1.81433E-06
18.290	2.22701E-06
18.300	1.74738E-06
18.310	1.39601E-06
18.320	1.12893E-06
18.330	9.21331E-07
18.340	7.70720E-07
18.350	6.54223E-07
18.360	5.63290E-07
18.370	4.94306E-07
18.380	3.47758E-07
18.390	4.15971E-07
18.400	3.04462E-07
18.410	3.46513E-07
18.420	3.97747E-07
18.430	4.32013E-07
18.440	4.43693E-07
18.450	4.21263E-07
18.460	3.61771E-07
18.470	2.75652E-07
18.480	1.86569E-07
18.490	1.99811E-07
18.500	3.52741E-07
18.510	5.23582E-07
18.520	6.67171E-07
18.530	7.60604E-07
18.540	7.62783E-07
18.550	6.23235E-07
18.560	1.33060E-07
18.570	6.44265E-08
18.580	6.87567E-08
18.590	7.37386E-08
18.600	7.88172E-08
18.610	8.47179E-08
18.620	7.35714E-07
18.630	1.11632E-06
18.640	1.28203E-06
18.650	1.23855E-06
18.660	9.88585E-07
18.670	4.08806E-07
18.680	1.37125E-07
18.690	1.43975E-07
18.700	1.49321E-07
18.710	3.45735E-07
18.720	1.09701E-06
18.730	1.59317E-06
18.740	1.97316E-06
18.750	2.25973E-06
18.760	2.47777E-06
18.770	2.63974E-06
18.780	2.74249E-06
18.790	2.79388E-06
18.800	2.79548E-06
18.810	2.76119E-06
18.820	2.70202E-06
18.830	2.63972E-06
18.840	2.63195E-06
18.850	2.69581E-06
18.860	2.81882E-06
18.870	3.00101E-06
18.880	3.23305E-06
18.890	3.45887E-06
18.900	3.72053E-06
18.910	3.99307E-06
18.920	4.28584E-06
18.930	4.55526E-06
18.940	4.81536E-06
18.950	5.04897E-06
18.960	5.20934E-06
18.970	5.29204E-06
18.980	5.17508E-06
18.990	4.78889E-06
19.000	4.01484E-06
19.010	2.60547E-06
19.020	1.33980E-06
19.030	1.45770E-06
19.040	1.58692E-06
19.050	2.86866E-06
19.060	5.38510E-06
19.070	1.79717E-05
19.080	4.21420E-05
19.090	7.84599E-05
19.100	1.08005E-04
19.110	1.31224E-04
19.120	1.38248E-04
19.130	1.41035E-04
19.140	1.35350E-04
19.150	1.26658E-04
19.160	1.11738E-04
19.170	9.17423E-05
19.180	6.75912E-05
19.190	3.67535E-05
19.200	1.60563E-05
19.210	9.18220E-06
19.220	3.53054E-06
19.230	8.54810E-06
19.240	9.36746E-06
19.250	8.50338E-06
19.260	1.56205E-05
19.270	2.21614E-05
19.280	2.83283E-05
19.290	3.39502E-05
19.300	7.82124E-06
19.310	3.86069E-05
19.320	4.22200E-05
19.330	4.77331E-05
19.340	5.44467E-05
19.350	6.33850E-05
19.360	7.24638E-05
19.370	9.16985E-05
19.380	1.13983E-04
19.390	1.52873E-04
19.400	1.99340E-04
19.410	2.46842E-04
19.420	2.90134E-04
19.430	3.26264E-04
19.440	3.52428E-04
19.450	3.76103E-04
19.460	3.93078E-04
19.470	4.09738E-04
19.480	4.22664E-04
19.490	4.35439E-04
19.500	4.54123E-04
19.510	4.77017E-04
19.520	5.11901E-04
19.530	5.58935E-04
19.540	6.18270E-04
19.550	6.98159E-04
19.560	7.88037E-04
19.570	9.14001E-04
19.580	1.04699E-03
19.590	1.22736E-03
19.600	1.41719E-03
19.610	1.65701E-03
19.620	1.90464E-03
19.630	2.18339E-03
19.640	2.49333E-03
19.650	2.84997E-03
19.660	3.23774E-03
19.670	3.65669E-03
19.680	4.13791E-03
19.690	4.65028E-03
19.700	5.28579E-03
19.710	5.93658E-03
19.720	6.72465E-03
19.730	7.54536E-03
19.740	8.50304E-03
19.750	9.47494E-03
19.760	1.05557E-02
19.770	1.17006E-02
19.780	1.29211E-02
19.790	1.42511E-02
19.800	1.56202E-02
19.810	1.73332E-02
19.820	1.90308E-02
19.830	2.08996E-02
19.840	2.27530E-02
19.850	2.46217E-02
19.860	2.64904E-02
19.870	2.80478E-02
19.880	2.96051E-02
19.890	3.10226E-02
19.900	3.22839E-02
19.910	3.33898E-02
19.920	3.44955E-02
19.930	3.54300E-02
19.940	3.63796E-02
19.950	3.71584E-02
19.960	3.77971E-02
19.970	3.81087E-02
19.980	3.84354E-02
19.990	3.84357E-02
20.000	3.84510E-02
20.010	3.82954E-02
20.020	3.82952E-02
20.030	3.83110E-02
20.040	3.83109E-02
20.050	3.84668E-02
20.060	3.86381E-02
20.070	3.87937E-02
20.080	3.89497E-02
20.090	3.91050E-02
20.100	3.91050E-02
20.110	3.91208E-02
20.120	3.92763E-02
20.130	3.95882E-02
20.140	4.00551E-02
20.150	4.05226E-02
20.160	4.11453E-02
20.170	4.16128E-02
20.180	4.20644E-02
20.190	4.23754E-02
20.200	4.23757E-02
20.210	4.25314E-02
20.220	4.23759E-02
20.230	4.23757E-02
20.240	4.22199E-02
20.250	4.20642E-02
20.260	4.19240E-02
20.270	4.19240E-02
20.280	4.16124E-02
20.290	4.13011E-02
20.300	4.09897E-02
20.310	4.06780E-02
20.320	4.03666E-02
20.330	4.02110E-02
20.340	4.02109E-02
20.350	4.02108E-02
20.360	4.05069E-02
20.370	4.08184E-02
20.380	4.12856E-02
20.390	4.15969E-02
20.400	4.19083E-02
20.410	4.20642E-02
20.420	4.22199E-02
20.430	4.23754E-02
20.440	4.25313E-02
20.450	4.28430E-02
20.460	4.31544E-02
20.470	4.36214E-02
20.480	4.39331E-02
20.490	4.44002E-02
20.500	4.44000E-02
20.510	4.45558E-02
20.520	4.44001E-02
20.530	4.42445E-02
20.540	4.39328E-02
20.550	4.37771E-02
20.560	4.36216E-02
20.570	4.34657E-02
20.580	4.34660E-02
20.590	4.34658E-02
20.600	4.33102E-02
20.610	4.31543E-02
20.620	4.29985E-02
20.630	4.26873E-02
20.640	4.25315E-02
20.650	4.22199E-02
20.660	4.22197E-02
20.670	4.23754E-02
20.680	4.26871E-02
20.690	4.31542E-02
20.700	4.34657E-02
20.710	4.37774E-02
20.720	4.39329E-02
20.730	4.39329E-02
20.740	4.37772E-02
20.750	4.34660E-02
20.760	4.31541E-02
20.770	4.28430E-02
20.780	4.25313E-02
20.790	4.25315E-02
20.800	4.25313E-02
20.810	4.26872E-02
20.820	4.26873E-02
20.830	4.28430E-02
20.840	4.29986E-02
20.850	4.29986E-02
20.860	4.28428E-02
20.870	4.28428E-02
20.880	4.28429E-02
20.890	4.28430E-02
20.900	4.29986E-02
20.910	4.29986E-02
20.920	4.31544E-02
20.930	4.31543E-02
20.940	4.31543E-02
20.950	4.28430E-02
20.960	4.25315E-02
20.970	4.22198E-02
20.980	4.17526E-02
20.990	4.12854E-02
21.000	4.11300E-02
21.010	4.08182E-02
21.020	4.09738E-02
21.030	4.09738E-02
21.040	4.12856E-02
21.050	4.15971E-02
21.060	4.17526E-02
21.070	4.20641E-02
21.080	4.23757E-02
21.090	4.25315E-02
21.100	4.28427E-02
21.110	4.31544E-02
21.120	4.34659E-02
21.130	4.39328E-02
21.140	4.44002E-02
21.150	4.48520E-02
21.160	4.53190E-02
21.170	4.56306E-02
21.180	4.59419E-02
21.190	4.59420E-02
21.200	4.59420E-02
21.210	4.59420E-02
21.220	4.59420E-02
21.230	4.60975E-02
21.240	4.60979E-02
21.250	4.62536E-02
21.260	4.65649E-02
21.270	4.67207E-02
21.280	4.67209E-02
21.290	4.67205E-02
21.300	4.64094E-02
21.310	4.60976E-02
21.320	4.56304E-02
21.330	4.50075E-02
21.340	4.46959E-02
21.350	4.42290E-02
21.360	4.39176E-02
21.370	4.37618E-02
21.380	4.36062E-02
21.390	4.34502E-02
21.400	4.32944E-02
21.410	4.31387E-02
21.420	4.29832E-02
21.430	4.26715E-02
21.440	4.25159E-02
21.450	4.23599E-02
21.460	4.23602E-02
21.470	4.26716E-02
21.480	4.29832E-02
21.490	4.34504E-02
21.500	4.40730E-02
21.510	4.46960E-02
21.520	4.51631E-02
21.530	4.56307E-02
21.540	4.59420E-02
21.550	4.60979E-02
21.560	4.62532E-02
21.570	4.62536E-02
21.580	4.62535E-02
21.590	4.62534E-02
21.600	4.62532E-02
21.610	4.62536E-02
21.620	4.62535E-02
21.630	4.59422E-02
21.640	4.57860E-02
21.650	4.53192E-02
21.660	4.46962E-02
21.670	4.40734E-02
21.680	4.32943E-02
21.690	4.25159E-02
21.700	4.18931E-02
21.710	4.14256E-02
21.720	4.11142E-02
21.730	4.08026E-02
21.740	4.08027E-02
21.750	4.08028E-02
21.760	4.08028E-02
21.770	4.09587E-02
21.780	4.09587E-02
21.790	4.09582E-02
21.800	4.09583E-02
21.810	4.11142E-02
21.820	4.14258E-02
21.830	4.17371E-02
21.840	4.23599E-02
21.850	4.28275E-02
21.860	4.35906E-02
21.870	4.43690E-02
21.880	4.48364E-02
21.890	4.53033E-02
21.900	4.56151E-02
21.910	4.54592E-02
21.920	4.53034E-02
21.930	4.49918E-02
21.940	4.45246E-02
21.950	4.42132E-02
21.960	4.39016E-02
21.970	4.35904E-02
21.980	4.34345E-02
21.990	4.32788E-02
22.000	4.31232E-02
22.010	4.31231E-02
22.020	4.29673E-02
22.030	4.28116E-02
22.040	4.25005E-02
22.050	4.23447E-02
22.060	4.20331E-02
22.070	4.17213E-02
22.080	4.15815E-02
22.090	4.14255E-02
22.100	4.12701E-02
22.110	4.12700E-02
22.120	4.11144E-02
22.130	4.11143E-02
22.140	4.09584E-02
22.150	4.06470E-02
22.160	4.04914E-02
22.170	4.01800E-02
22.180	3.98683E-02
22.190	3.97125E-02
22.200	3.94009E-02
22.210	3.92454E-02
22.220	3.92453E-02
22.230	3.92452E-02
22.240	3.92455E-02
22.250	3.92454E-02
22.260	3.90898E-02
22.270	3.89340E-02
22.280	3.87783E-02
22.290	3.84666E-02
22.300	3.81552E-02
22.310	3.78436E-02
22.320	3.73763E-02
22.330	3.72208E-02
22.340	3.69091E-02
22.350	3.67535E-02
22.360	3.67536E-02
22.370	3.65977E-02
22.380	3.64419E-02
22.390	3.62863E-02
22.400	3.59750E-02
22.410	3.56635E-02
22.420	3.51963E-02
22.430	3.45733E-02
22.440	3.39505E-02
22.450	3.33274E-02
22.460	3.27044E-02
22.470	3.22372E-02
22.480	3.19257E-02
22.490	3.16145E-02
22.500	3.14587E-02
22.510	3.14585E-02
22.520	3.13028E-02
22.530	3.11469E-02
22.540	3.09916E-02
22.550	3.08355E-02
22.560	3.05244E-02
22.570	3.03686E-02
22.580	3.02126E-02
22.590	3.00571E-02
22.600	3.00571E-02
22.610	3.00571E-02
22.620	3.03683E-02
22.630	3.05241E-02
22.640	3.08357E-02
22.650	3.09912E-02
22.660	3.13027E-02
22.670	3.13030E-02
22.680	3.13029E-02
22.690	3.13028E-02
22.700	3.11471E-02
22.710	3.09912E-02
22.720	3.09912E-02
22.730	3.09912E-02
22.740	3.09912E-02
22.750	3.11473E-02
22.760	3.13027E-02
22.770	3.14585E-02
22.780	3.16141E-02
22.790	3.16143E-02
22.800	3.14588E-02
22.810	3.14586E-02
22.820	3.11472E-02
22.830	3.08357E-02
22.840	3.03687E-02
22.850	3.00569E-02
22.860	2.97454E-02
22.870	2.95899E-02
22.880	2.94340E-02
22.890	2.94338E-02
22.900	2.94341E-02
22.910	2.95897E-02
22.920	2.95899E-02
22.930	2.97453E-02
22.940	2.99010E-02
22.950	2.98858E-02
22.960	2.98855E-02
22.970	2.98855E-02
22.980	3.00413E-02
22.990	3.00413E-02
23.000	3.03530E-02
23.010	3.05085E-02
23.020	3.08202E-02
23.030	3.11316E-02
23.040	3.14431E-02
23.050	3.15987E-02
23.060	3.17546E-02
23.070	3.17547E-02
23.080	3.15988E-02
23.090	3.15990E-02
23.100	3.14429E-02
23.110	3.11315E-02
23.120	3.09758E-02
23.130	3.08201E-02
23.140	3.06798E-02
23.150	3.05240E-02
23.160	3.05242E-02
23.170	3.03686E-02
23.180	3.00569E-02
23.190	2.99013E-02
23.200	2.95897E-02
23.210	2.91224E-02
23.220	2.88109E-02
23.230	2.81881E-02
23.240	2.75654E-02
23.250	2.70981E-02
23.260	2.64751E-02
23.270	2.60077E-02
23.280	2.55408E-02
23.290	2.52293E-02
23.300	2.49176E-02
23.310	2.47619E-02
23.320	2.44507E-02
23.330	2.41389E-02
23.340	2.39833E-02
23.350	2.36719E-02
23.360	2.33604E-02
23.370	2.30488E-02
23.380	2.27374E-02
23.390	2.24258E-02
23.400	2.21145E-02
23.410	2.19586E-02
23.420	2.18032E-02
23.430	2.16470E-02
23.440	2.14915E-02
23.450	2.14917E-02
23.460	2.13359E-02
23.470	2.11802E-02
23.480	2.10243E-02
23.490	2.07126E-02
23.500	2.04013E-02
23.510	2.00897E-02
23.520	1.97785E-02
23.530	1.93111E-02
23.540	1.89996E-02
23.550	1.88442E-02
23.560	1.85327E-02
23.570	1.83768E-02
23.580	1.83766E-02
23.590	1.82209E-02
23.600	1.82212E-02
23.610	1.83770E-02
23.620	1.83768E-02
23.630	1.83766E-02
23.640	1.83769E-02
23.650	1.83767E-02
23.660	1.83770E-02
23.670	1.83768E-02
23.680	1.83767E-02
23.690	1.83770E-02
23.700	1.85325E-02
23.710	1.85327E-02
23.720	1.86884E-02
23.730	1.88441E-02
23.740	1.89996E-02
23.750	1.89996E-02
23.760	1.89996E-02
23.770	1.89996E-02
23.780	1.89996E-02
23.790	1.88441E-02
23.800	1.88441E-02
23.810	1.86884E-02
23.820	1.86881E-02
23.830	1.85325E-02
23.840	1.85327E-02
23.850	1.86885E-02
23.860	1.86882E-02
23.870	1.88442E-02
23.880	1.91554E-02
23.890	1.93110E-02
23.900	1.96226E-02
23.910	1.97783E-02
23.920	1.99339E-02
23.930	2.00898E-02
23.940	2.02456E-02
23.950	2.04013E-02
23.960	2.05572E-02
23.970	2.05569E-02
23.980	2.07127E-02
23.990	2.08687E-02
24.000	2.10242E-02
24.010	2.11799E-02
24.020	2.14917E-02
24.030	2.16471E-02
24.040	2.19588E-02
24.050	2.22703E-02
24.060	2.24260E-02
24.070	2.25816E-02
24.080	2.25818E-02
24.090	2.27372E-02
24.100	2.27373E-02
24.110	2.27375E-02
24.120	2.27376E-02
24.130	2.27373E-02
24.140	2.27374E-02
24.150	2.27375E-02
24.160	2.28932E-02
24.170	2.30488E-02
24.180	2.32047E-02
24.190	2.33605E-02
24.200	2.35161E-02
24.210	2.35159E-02
24.220	2.35161E-02
24.230	2.35159E-02
24.240	2.33601E-02
24.250	2.33604E-02
24.260	2.32045E-02
24.270	2.30490E-02
24.280	2.28933E-02
24.290	2.28930E-02
24.300	2.27374E-02
24.310	2.27376E-02
24.320	2.28931E-02
24.330	2.30489E-02
24.340	2.30489E-02
24.350	2.32045E-02
24.360	2.32044E-02
24.370	2.33603E-02
24.380	2.33605E-02
24.390	2.33604E-02
24.400	2.33602E-02
24.410	2.32044E-02
24.420	2.32048E-02
24.430	2.30487E-02
24.440	2.30487E-02
24.450	2.30487E-02
24.460	2.28933E-02
24.470	2.28929E-02
24.480	2.28930E-02
24.490	2.27374E-02
24.500	2.27376E-02
24.510	2.25818E-02
24.520	2.24258E-02
24.530	2.21300E-02
24.540	2.19743E-02
24.550	2.16627E-02
24.560	2.13514E-02
24.570	2.10399E-02
24.580	2.07282E-02
24.590	2.04168E-02
24.600	2.01053E-02
24.610	1.99496E-02
24.620	1.97941E-02
24.630	1.96382E-02
24.640	1.96384E-02
24.650	1.96381E-02
24.660	1.94826E-02
24.670	1.94824E-02
24.680	1.94826E-02
24.690	1.93269E-02
24.700	1.91709E-02
24.710	1.91712E-02
24.720	1.90154E-02
24.730	1.87040E-02
24.740	1.85481E-02
24.750	1.83923E-02
24.760	1.82367E-02
24.770	1.82366E-02
24.780	1.80807E-02
24.790	1.80811E-02
24.800	1.80810E-02
24.810	1.80810E-02
24.820	1.80810E-02
24.830	1.79251E-02
24.840	1.79251E-02
24.850	1.77694E-02
24.860	1.76138E-02
24.870	1.74580E-02
24.880	1.71463E-02
24.890	1.69908E-02
24.900	1.68349E-02
24.910	1.66792E-02
24.920	1.65237E-02
24.930	1.63678E-02
24.940	1.63677E-02
24.950	1.62120E-02
24.960	1.60565E-02
24.970	1.60565E-02
24.980	1.59007E-02
24.990	1.57447E-02
25.000	1.55736E-02
25.010	1.54054E-02
25.020	1.51563E-02
25.030	1.48929E-02
25.040	1.46282E-02
25.050	1.43493E-02
25.060	1.40706E-02
25.070	1.37902E-02
25.080	1.35582E-02
25.090	1.33575E-02
25.100	1.31566E-02
25.110	1.30008E-02
25.120	1.28762E-02
25.130	1.27517E-02
25.140	1.26412E-02
25.150	1.25459E-02
25.160	1.24511E-02
25.170	1.23560E-02
25.180	1.22780E-02
25.190	1.21846E-02
25.200	1.21067E-02
25.210	1.20305E-02
25.220	1.19699E-02
25.230	1.19092E-02
25.240	1.18796E-02
25.250	1.18499E-02
25.260	1.18357E-02
25.270	1.18516E-02
25.280	1.18671E-02
25.290	1.18671E-02
25.300	1.18672E-02
25.310	1.18672E-02
25.320	1.18515E-02
25.330	1.17738E-02
25.340	1.17099E-02
25.350	1.16162E-02
25.360	1.14917E-02
25.370	1.13654E-02
25.380	1.12411E-02
25.390	1.11166E-02
25.400	1.09902E-02
25.410	1.08811E-02
25.420	1.07880E-02
25.430	1.06945E-02
25.440	1.06010E-02
25.450	1.05077E-02
25.460	1.03845E-02
25.470	1.02756E-02
25.480	1.01056E-02
25.490	9.90467E-03
25.500	9.71804E-03
25.510	9.48569E-03
25.520	9.22257E-03
25.530	8.97493E-03
25.540	8.72749E-03
25.550	8.51076E-03
25.560	8.29460E-03
25.570	8.10755E-03
25.580	7.98475E-03
25.590	7.87573E-03
25.600	7.76797E-03
25.610	7.69036E-03
25.620	7.61241E-03
25.630	7.53609E-03
25.640	7.41147E-03
25.650	7.25731E-03
25.660	7.11886E-03
25.670	6.91780E-03
25.680	6.68731E-03
25.690	6.44142E-03
25.700	6.19377E-03
25.710	5.93038E-03
25.720	5.66874E-03
25.730	5.42130E-03
25.740	5.23427E-03
25.750	5.03184E-03
25.760	4.86064E-03
25.770	4.78580E-03
25.780	4.70946E-03
25.790	4.63474E-03
25.800	4.63798E-03
25.810	4.64239E-03
25.820	4.66112E-03
25.830	4.69532E-03
25.840	4.74381E-03
25.850	4.80928E-03
25.860	4.85731E-03
25.870	4.93351E-03
25.880	4.99614E-03
25.890	5.07223E-03
25.900	5.14710E-03
25.910	5.22192E-03
25.920	5.29823E-03
25.930	5.34323E-03
25.940	5.40401E-03
25.950	5.45087E-03
25.960	5.46649E-03
25.970	5.48017E-03
25.980	5.48191E-03
25.990	5.46633E-03
26.000	5.42115E-03
26.010	5.36025E-03
26.020	5.30131E-03
26.030	5.20937E-03
26.040	5.11905E-03
26.050	5.02879E-03
26.060	4.92441E-03
26.070	4.81857E-03
26.080	4.71396E-03
26.090	4.62553E-03
26.100	4.53640E-03
26.110	4.44925E-03
26.120	4.36217E-03
26.130	4.27631E-03
26.140	4.20314E-03
26.150	4.11472E-03
26.160	4.02561E-03
26.170	3.93542E-03
26.180	3.83270E-03
26.190	3.71119E-03
26.200	3.58660E-03
26.210	3.46513E-03
26.220	3.34054E-03
26.230	3.22840E-03
26.240	3.11627E-03
26.250	3.01817E-03
26.260	2.96519E-03
26.270	2.92470E-03
26.280	2.87177E-03
26.290	2.89669E-03
26.300	2.90913E-03
26.310	2.93561E-03
26.320	2.96676E-03
26.330	2.99947E-03
26.340	3.03216E-03
26.350	3.04930E-03
26.360	3.06487E-03
26.370	3.06644E-03
26.380	3.06801E-03
26.390	3.06798E-03
26.400	3.05398E-03
26.410	3.03839E-03
26.420	3.03997E-03
26.430	3.03995E-03
26.440	3.03998E-03
26.450	3.04151E-03
26.460	3.04463E-03
26.470	3.04775E-03
26.480	3.04932E-03
26.490	3.00725E-03
26.500	2.96675E-03
26.510	2.92471E-03
26.520	2.85618E-03
26.530	2.75496E-03
26.540	2.65373E-03
26.550	2.55405E-03
26.560	2.45128E-03
26.570	2.33447E-03
26.580	2.23014E-03
26.590	2.11177E-03
26.600	2.01677E-03
26.610	1.91086E-03
26.620	1.80654E-03
26.630	1.70064E-03
26.640	1.59628E-03
26.650	1.49039E-03
26.660	1.38946E-03
26.670	1.28871E-03
26.680	1.18516E-03
26.690	1.10869E-03
26.700	1.09730E-03
26.710	1.07349E-03
26.720	1.03189E-03
26.730	3.73300E-03
26.740	4.15520E-03
26.750	4.14579E-03
26.760	4.18946E-03
26.770	4.05080E-03
26.780	3.91225E-03
26.790	3.78761E-03
26.800	3.66291E-03
26.810	3.53831E-03
26.820	3.41685E-03
26.830	3.27823E-03
26.840	3.13338E-03
26.850	2.99479E-03
26.860	2.86243E-03
26.870	2.73472E-03
26.880	2.61637E-03
26.890	2.50112E-03
26.900	2.39056E-03
26.910	2.28777E-03
26.920	2.18808E-03
26.930	2.09309E-03
26.940	2.00275E-03
26.950	1.91243E-03
26.960	1.82678E-03
26.970	1.74579E-03
26.980	1.66638E-03
26.990	1.58851E-03
27.000	1.49459E-03
27.010	1.38638E-03
27.020	1.27890E-03
27.030	1.12083E-03
27.040	6.85096E-04
27.050	7.34122E-04
27.060	7.90503E-04
27.070	8.57000E-04
27.080	9.05761E-04
27.090	9.55297E-04
27.100	1.00542E-03
27.110	1.03969E-03
27.120	1.05760E-03
27.130	1.07210E-03
27.140	1.08751E-03
27.150	1.08221E-03
27.160	1.07754E-03
27.170	1.07210E-03
27.180	1.06133E-03
27.190	1.04748E-03
27.200	1.03533E-03
27.210	1.02396E-03
27.220	1.00217E-03
27.230	9.75064E-04
27.240	9.50918E-04
27.250	9.17908E-04
27.260	8.52825E-04
27.270	7.88192E-04
27.280	7.27456E-04
27.290	6.40088E-04
27.300	5.44286E-04
27.310	4.57561E-04
27.320	3.72840E-04
27.330	2.22389E-04
27.340	1.32173E-04
27.350	8.00951E-05
27.360	6.19371E-05
27.370	9.75374E-06
27.380	1.62275E-05
27.390	1.36736E-05
27.400	1.14901E-05
27.410	9.70704E-06
27.420	8.15281E-06
27.430	6.88188E-06
27.440	5.81195E-06
27.450	4.87760E-06
27.460	4.10051E-06
27.470	3.44798E-06
27.480	2.89825E-06
27.490	2.43259E-06
27.500	2.04793E-06
27.510	1.72087E-06
27.520	1.44491E-06
27.530	1.21395E-06
27.540	1.10214E-06
27.550	1.03176E-06
27.560	9.64332E-07
27.570	9.02648E-07
27.580	8.41117E-07
27.590	7.88039E-07
27.600	7.37717E-07
27.610	6.90221E-07
27.620	6.45692E-07
27.630	6.03945E-07
27.640	5.65014E-07
27.650	5.26076E-07
27.660	4.91974E-07
27.670	4.59884E-07
27.680	4.30311E-07
27.690	4.01336E-07
27.700	3.74404E-07
27.710	3.50249E-07
27.720	7.43470E-07
27.730	1.11897E-06
27.740	2.69423E-06
27.750	1.36346E-05
27.760	1.25054E-04
27.770	1.66482E-04
27.780	2.18186E-04
27.790	2.80169E-04
27.800	3.27824E-04
27.810	3.40280E-04
27.820	3.49313E-04
27.830	3.61768E-04
27.840	3.65517E-04
27.850	3.66284E-04
27.860	3.67373E-04
27.870	3.68927E-04
27.880	3.66750E-04
27.890	3.66296E-04
27.900	3.66129E-04
27.910	3.60373E-04
27.920	3.31562E-04
27.930	3.06799E-04
27.940	2.82817E-04
27.950	2.36408E-04
27.960	1.73333E-04
27.970	1.26006E-04
27.980	9.21480E-05
27.990	2.04169E-05
28.000	5.70000E-06
28.050	1.37002E-06
28.100	1.65701E-06
28.150	1.78785E-06
28.200	1.93422E-06
28.250	2.10400E-06
28.300	2.20678E-06
28.350	2.16473E-06
28.400	2.14602E-06
28.450	2.13515E-06
28.500	1.97161E-06
28.550	1.69597E-06