#!228000.0[0,f]/ 4.67e-15[1,f]/ 1.0783e-16[2,f]/ 1.315e13[3,f]/ 8.09e-23[4,f]/ 1.52240983e-24[5,f]/
wav     trans
2.61349	1.09E-17
2.62382	2.37E-17
2.63415	2.87E-14
2.64448	1.56E-14
2.65481	1.19E-15
2.66514	4.86E-34
2.67547	2.28E-43
2.6858	8.76E-32
2.69613	4.82E-32
2.70646	4.95E-32
2.71679	3.40E-30
2.72712	2.78E-32
2.73745	4.20E-30
2.74778	3.50E-37
2.75811	3.67E-16
2.76844	4.99E-16
2.77877	1.87E-15
2.7891	1.87E-15
2.79943	1.37E-15
2.80976	3.04E-15
2.82009	1.61E-14
2.83042	1.11E-15
2.84075	2.17E-16
2.85108	7.76E-26
2.86141	7.93E-17
2.87174	1.55E-15
2.88207	1.26E-16
2.8924	1.78E-16
2.90273	3.18E-17
2.91306	8.91E-16
2.92339	9.33E-16
2.93372	7.21E-15
2.94405	2.71E-15
2.95438	8.85E-30
2.96471	5.91E-30
2.97504	1.07E-32
2.98537	3.49E-16
2.9957	1.76E-15
3.00603	1.28E-14
3.01636	1.77E-16
3.02669	1.15E-14
3.03702	9.98E-15
3.04735	1.55E-14
3.05768	1.80E-15
3.06801	1.22E-15
3.07834	1.10E-16
3.08867	1.13E-15
3.099	7.15E-15
3.10933	1.64E-15
3.11966	3.96E-14
3.12999	1.82E-14
3.14032	2.00E-15
3.15065	9.79E-15
3.16098	7.15E-35
3.17131	1.21E-27
3.18164	3.88E-26
3.19197	2.66E-26
3.2023	1.19E-30
3.21263	6.96E-29
3.22296	1.76E-30
3.23329	8.46E-38
3.24362	1.74E-31
3.25395	1.30E-16
3.26428	2.31E-15
3.27461	5.64E-15
3.28494	6.17E-15
3.29527	4.96E-16
3.3056	7.55E-16
3.31593	9.84E-17
3.32626	2.35E-14
3.33659	1.76E-15
3.34692	2.21E-14
3.35725	4.99E-14
3.36758	2.99E-15
3.37791	1.12E-14
3.38824	1.66E-15
3.39857	2.56E-15
3.4089	4.27E-14
3.41923	1.35E-15
3.42956	2.07E-14
3.43989	1.20E-30
3.45022	1.70E-35
3.46055	3.40E-33
3.47088	2.94E-41
3.48121	4.18E-30
3.49154	1.60E-37
3.50187	6.28E-39
3.5122	4.88E-36
3.52253	1.48E-33
3.53286	5.23E-35
3.54319	1.56E-31
3.55352	1.52E-16
3.56385	4.77E-16
3.57418	1.38E-16
3.58451	8.94E-17
3.59484	8.56E-28
3.60517	3.52E-34
3.6155	4.72E-29
3.62583	8.43E-28
3.63616	2.60E-30
3.64649	1.25E-24
3.65682	2.36E-31
3.66715	8.51E-27
3.67748	1.99E-33
3.68781	2.11E-16
3.69814	6.02E-15
3.70847	5.61E-16
3.7188	3.02E-14
3.72913	5.25E-15
3.73946	1.30E-14
3.74979	6.85E-15
3.76012	4.46E-15
3.77045	1.76E-14
3.78078	5.55E-15
3.79111	1.06E-14
3.80144	5.56E-14
3.81177	1.02E-14
3.8221	5.92E-16
3.83243	3.42E-15
3.84276	1.26E-15
3.85309	5.67E-15
3.86342	3.12E-15
3.87375	1.24E-15
3.88408	1.09E-15
3.89441	5.63E-15
3.90474	1.96E-15
3.91507	6.35E-15
3.9254	4.24E-14
3.93573	1.53E-14
3.94606	1.34E-14
3.95639	7.00E-16
3.96672	1.62E-14
3.97705	3.66E-14
3.98738	6.70E-15
3.99771	1.52E-14
4.00804	3.44E-14
4.01837	1.20E-14
4.0287	2.35E-14
4.03903	9.81E-15
4.04936	1.33E-14
4.05969	1.25E-14
4.07002	3.63E-14
4.08035	1.04E-14
4.09068	1.78E-14
4.10101	1.32E-14
4.11134	7.04E-15
4.12167	1.92E-14
4.132	3.67E-27
4.14233	7.55E-34
4.15266	1.05E-31
4.16299	2.44E-37
4.17332	2.91E-26
4.18365	1.65E-37
4.19398	5.09E-26
4.20431	1.84E-31
4.21464	2.61E-34
4.22497	1.00E-30
4.2353	1.47E-30
4.24563	1.30E-32
4.25596	4.96E-14
4.26629	3.61E-15
4.27662	8.48E-14
4.28695	2.14E-15
4.29728	5.08E-14
4.30761	1.19E-13
4.31794	2.22E-13
4.32827	2.16E-13
4.3386	4.71E-15
4.34893	5.07E-15
4.35926	8.39E-14
4.36959	1.88E-31
4.37992	2.91E-34
4.39025	2.53E-29
4.40058	9.68E-29
4.41091	4.35E-27
4.42124	2.28E-31
4.43157	2.16E-28
4.4419	3.17E-29
4.45223	9.19E-26
4.46256	1.87E-28
4.47289	3.35E-37
4.48322	2.20E-37
4.49355	1.25E-14
4.50388	2.84E-14
4.51421	7.88E-14
4.52454	5.41E-15
4.53487	4.77E-14
4.5452	6.13E-14
4.55553	1.85E-14
4.56586	1.61E-13
4.57619	8.25E-15
4.58652	4.46E-14
4.59685	5.92E-14
4.60718	2.58E-14
4.61751	1.72E-14
4.62784	5.11E-15
4.63817	9.73E-15
4.6485	8.05E-15
4.65883	4.65E-15
4.66916	1.00E-15
4.67949	6.33E-30
4.68982	1.81E-33
4.70015	2.68E-16
4.71048	8.51E-15
4.72081	3.04E-14
4.73114	3.46E-14
4.74147	3.37E-14
4.7518	7.29E-14
4.76213	6.62E-14
4.77246	2.05E-13
4.78279	6.96E-14
4.79312	1.89E-13
4.80345	1.42E-14
4.81378	1.46E-15
4.82411	1.49E-14
4.83444	8.06E-14
4.84477	6.33E-14
4.8551	8.08E-14
4.86543	6.33E-14
4.87576	2.66E-14
4.88609	2.92E-14
4.89642	7.91E-15
4.90675	1.09E-14
4.91708	4.92E-13
4.92741	7.19E-15
4.93774	1.08E-14
4.94807	1.31E-14
4.9584	1.13E-14
4.96873	8.06E-15
4.97906	2.67E-14
4.98939	8.12E-14
4.99972	3.44E-15
5.01005	6.10E-13
5.02038	5.47E-13
5.03071	5.11E-13
5.04104	7.80E-13
5.05137	5.97E-14
5.0617	1.02E-14
5.07203	1.64E-14
5.08236	1.52E-14
5.09269	7.10E-14
5.10302	4.33E-14
5.11335	1.18E-12
5.12368	1.17E-13
5.13401	3.14E-12
5.14434	1.91E-12
5.15467	1.06E-12
5.165	2.10E-12
5.17533	6.74E-10
5.18566	4.81E-10
5.19599	8.55E-10
5.20632	8.37E-10
5.21665	1.30E-09
5.22698	1.61E-09
5.23731	1.50E-09
5.24764	1.88E-09
5.25797	1.99E-09
5.2683	2.76E-09
5.27863	2.87E-09
5.28896	2.90E-09
5.29929	3.18E-09
5.30962	2.53E-09
5.31995	3.19E-09
5.33028	3.04E-09
5.34061	2.23E-09
5.35094	2.19E-09
5.36127	2.95E-09
5.3716	2.77E-09
5.38193	2.76E-09
5.39226	1.87E-09
5.40259	2.32E-09
5.41292	1.69E-09
5.42325	1.60E-09
5.43358	1.62E-09
5.44391	1.41E-09
5.45424	1.50E-09
5.46457	8.33E-10
5.4749	8.46E-10
5.48523	4.11E-10
5.49556	5.74E-10
5.50589	8.20E-10
5.51622	1.09E-09
5.52655	1.34E-09
5.53688	1.12E-09
5.54721	1.87E-09
5.55754	1.66E-09
5.56787	2.00E-09
5.5782	2.76E-09
5.58853	3.09E-09
5.59886	3.36E-09
5.60919	3.49E-09
5.61952	4.30E-09
5.62985	4.26E-09
5.64018	4.83E-09
5.65051	5.67E-09
5.66084	6.11E-09
5.67117	6.05E-09
5.6815	6.25E-09
5.69183	6.16E-09
5.70216	6.40E-09
5.71249	6.51E-09
5.72282	6.54E-09
5.73315	6.42E-09
5.74348	6.15E-09
5.75381	6.10E-09
5.76414	5.87E-09
5.77447	5.54E-09
5.7848	4.96E-09
5.79513	4.39E-09
5.80546	3.78E-09
5.81579	3.26E-09
5.82612	3.07E-09
5.83645	3.32E-09
5.84678	3.47E-09
5.85711	3.61E-09
5.86744	3.69E-09
5.87777	5.09E-09
5.8881	7.31E-09
5.89843	9.49E-09
5.90876	1.18E-08
5.91909	1.47E-08
5.92942	1.73E-08
5.93975	2.19E-08
5.95008	2.48E-08
5.96041	2.93E-08
5.97074	3.30E-08
5.98107	3.50E-08
5.9914	3.81E-08
6.00173	4.27E-08
6.01206	4.60E-08
6.02239	4.86E-08
6.03272	4.89E-08
6.04305	5.14E-08
6.05338	5.12E-08
6.06371	5.08E-08
6.07404	5.19E-08
6.08437	5.56E-08
6.0947	5.34E-08
6.10503	5.13E-08
6.11536	4.87E-08
6.12569	4.75E-08
6.13602	4.54E-08
6.14635	4.40E-08
6.15668	4.14E-08
6.16701	3.80E-08
6.17734	3.47E-08
6.18767	3.16E-08
6.198	3.01E-08
6.20833	2.72E-08
6.21866	2.44E-08
6.22899	2.17E-08
6.23932	1.88E-08
6.24965	1.60E-08
6.25998	1.30E-08
6.27031	1.16E-08
6.28064	1.00E-08
6.29097	8.19E-09
6.3013	6.67E-09
6.31163	5.20E-09
6.32196	4.92E-09
6.33229	5.49E-09
6.34262	6.43E-09
6.35295	7.75E-09
6.36328	9.30E-09
6.37361	1.12E-08
6.38394	1.66E-08
6.39427	2.42E-08
6.4046	3.56E-08
6.41493	5.33E-08
6.42526	1.13E-07
6.43559	9.80E-08
6.44592	1.28E-07
6.45625	1.71E-07
6.46658	1.48E-07
6.47691	3.18E-07
6.48724	2.78E-07
6.49757	1.53E-07
6.5079	1.16E-07
6.51823	4.04E-08
6.52856	3.99E-08
6.53889	3.64E-08
6.54922	3.49E-08
6.55955	3.10E-08
6.56988	2.71E-08
6.58021	2.26E-08
6.59054	1.85E-08
6.60087	1.59E-08
6.6112	1.25E-08
6.62153	1.03E-08
6.63186	8.88E-09
6.64219	9.00E-09
6.65252	1.11E-08
6.66285	1.45E-08
6.67318	1.83E-08
6.68351	2.11E-08
6.69384	2.50E-08
6.70417	2.91E-08
6.7145	3.49E-08
6.72483	3.91E-08
6.73516	4.46E-08
6.74549	4.98E-08
6.75582	5.56E-08
6.76615	6.21E-08
6.77648	6.41E-08
6.78681	6.98E-08
6.79714	7.59E-08
6.80747	8.78E-08
6.8178	9.81E-08
6.82813	1.08E-07
6.83846	1.13E-07
6.84879	1.30E-07
6.85912	1.42E-07
6.86945	1.55E-07
6.87978	1.65E-07
6.89011	1.76E-07
6.90044	1.87E-07
6.91077	1.85E-07
6.9211	1.86E-07
6.93143	1.88E-07
6.94176	1.81E-07
6.95209	1.70E-07
6.96242	1.57E-07
6.97275	1.32E-07
6.98308	1.14E-07
6.99341	1.03E-07
7.00374	8.45E-08
7.01407	8.09E-08
7.0244	8.79E-08
7.03473	1.06E-07
7.04506	1.26E-07
7.05539	1.48E-07
7.06572	1.63E-07
7.07605	1.87E-07
7.08638	2.11E-07
7.09671	2.35E-07
7.10704	2.62E-07
7.11737	2.97E-07
7.1277	3.46E-07
7.13803	3.74E-07
7.14836	4.07E-07
7.15869	4.50E-07
7.16902	4.54E-07
7.17935	4.73E-07
7.18968	4.85E-07
7.20001	4.95E-07
7.21034	5.17E-07
7.22067	5.00E-07
7.231	5.03E-07
7.24133	5.21E-07
7.25166	5.18E-07
7.26199	5.06E-07
7.27232	4.88E-07
7.28265	4.55E-07
7.29298	4.35E-07
7.30331	4.35E-07
7.31364	4.05E-07
7.32397	4.07E-07
7.3343	3.92E-07
7.34463	3.70E-07
7.35496	3.67E-07
7.36529	3.39E-07
7.37562	3.22E-07
7.38595	3.03E-07
7.39628	2.89E-07
7.40661	2.61E-07
7.41694	2.49E-07
7.42727	2.26E-07
7.4376	2.11E-07
7.44793	1.93E-07
7.45826	1.73E-07
7.46859	1.63E-07
7.47892	1.45E-07
7.48925	1.37E-07
7.49958	1.24E-07
7.50991	1.11E-07
7.52024	1.03E-07
7.53057	9.24E-08
7.5409	8.39E-08
7.55123	7.58E-08
7.56156	6.77E-08
7.57189	5.90E-08
7.58222	5.01E-08
7.59255	4.10E-08
7.60288	3.28E-08
7.61321	2.49E-08
7.62354	1.78E-08
7.63387	1.74E-08
7.6442	2.09E-08
7.65453	2.65E-08
7.66486	3.33E-08
7.67519	4.22E-08
7.68552	4.89E-08
7.69585	5.56E-08
7.70618	5.88E-08
7.71651	6.13E-08
7.72684	6.08E-08
7.73717	6.22E-08
7.7475	6.01E-08
7.75783	5.61E-08
7.76816	5.46E-08
7.77849	5.04E-08
7.78882	4.64E-08
7.79915	4.19E-08
7.80948	3.62E-08
7.81981	3.23E-08
7.83014	2.70E-08
7.84047	2.36E-08
7.8508	1.88E-08
7.86113	1.69E-08
7.87146	1.41E-08
7.88179	1.30E-08
7.89212	1.29E-08
7.90245	1.29E-08
7.91278	1.27E-08
7.92311	1.30E-08
7.93344	1.41E-08
7.94377	1.47E-08
7.9541	1.56E-08
7.96443	1.59E-08
7.97476	1.69E-08
7.98509	1.84E-08
7.99542	1.92E-08
8.00575	2.04E-08
8.01608	2.21E-08
8.02641	2.27E-08
8.03674	2.46E-08
8.04707	2.56E-08
8.0574	2.59E-08
8.06773	2.69E-08
8.07806	2.87E-08
8.08839	3.01E-08
8.09872	2.98E-08
8.10905	3.02E-08
8.11938	3.18E-08
8.12971	3.12E-08
8.14004	3.28E-08
8.15037	3.38E-08
8.1607	3.38E-08
8.17103	3.52E-08
8.18136	3.67E-08
8.19169	3.83E-08
8.20202	4.13E-08
8.21235	4.31E-08
8.22268	4.37E-08
8.23301	4.77E-08
8.24334	4.82E-08
8.25367	5.04E-08
8.264	5.26E-08
8.27433	5.28E-08
8.28466	5.29E-08
8.29499	5.41E-08
8.30532	5.18E-08
8.31565	5.17E-08
8.32598	4.90E-08
8.33631	4.76E-08
8.34664	4.58E-08
8.35697	4.32E-08
8.3673	4.32E-08
8.37763	4.26E-08
8.38796	4.03E-08
8.39829	4.01E-08
8.40862	4.25E-08
8.41895	4.11E-08
8.42928	4.25E-08
8.43961	4.46E-08
8.44994	4.71E-08
8.46027	5.03E-08
8.4706	5.39E-08
8.48093	5.90E-08
8.49126	6.60E-08
8.50159	7.48E-08
8.51192	9.01E-08
8.52225	1.00E-07
8.53258	1.18E-07
8.54291	1.47E-07
8.55324	1.57E-07
8.56357	1.87E-07
8.5739	2.28E-07
8.58423	1.52E-08
8.59456	1.27E-08
8.60489	1.20E-08
8.61522	1.05E-08
8.62555	1.03E-08
8.63588	1.04E-08
8.64621	9.80E-09
8.65654	9.62E-09
8.66687	9.78E-09
8.6772	9.30E-09
8.68753	8.47E-09
8.69786	8.03E-09
8.70819	7.53E-09
8.71852	7.37E-09
8.72885	7.01E-09
8.73918	6.43E-09
8.74951	6.16E-09
8.75984	6.05E-09
8.77017	5.96E-09
8.7805	5.89E-09
8.79083	5.91E-09
8.80116	6.13E-09
8.81149	5.98E-09
8.82182	6.33E-09
8.83215	6.22E-09
8.84248	6.54E-09
8.85281	6.44E-09
8.86314	6.54E-09
8.87347	6.67E-09
8.8838	6.78E-09
8.89413	6.91E-09
8.90446	7.24E-09
8.91479	7.34E-09
8.92512	7.41E-09
8.93545	7.33E-09
8.94578	7.58E-09
8.95611	7.76E-09
8.96644	7.91E-09
8.97677	8.08E-09
8.9871	8.21E-09
8.99743	8.28E-09
9.00776	8.41E-09
9.01809	8.50E-09
9.02842	8.25E-09
9.03875	8.46E-09
9.04908	8.55E-09
9.05941	8.46E-09
9.06974	8.65E-09
9.08007	8.85E-09
9.0904	9.12E-09
9.10073	9.63E-09
9.11106	9.90E-09
9.12139	9.94E-09
9.13172	1.01E-08
9.14205	1.06E-08
9.15238	1.06E-08
9.16271	1.09E-08
9.17304	1.12E-08
9.18337	1.16E-08
9.1937	1.23E-08
9.20403	1.27E-08
9.21436	1.33E-08
9.22469	1.37E-08
9.23502	1.40E-08
9.24535	1.46E-08
9.25568	1.50E-08
9.26601	1.54E-08
9.27634	1.57E-08
9.28667	1.59E-08
9.297	1.56E-08
9.30733	1.62E-08
9.31766	1.68E-08
9.32799	1.69E-08
9.33832	1.68E-08
9.34865	1.73E-08
9.35898	1.75E-08
9.36931	1.78E-08
9.37964	1.79E-08
9.38997	1.80E-08
9.4003	1.81E-08
9.41063	1.80E-08
9.42096	1.79E-08
9.43129	1.81E-08
9.44162	1.76E-08
9.45195	1.74E-08
9.46228	1.75E-08
9.47261	1.73E-08
9.48294	1.74E-08
9.49327	1.71E-08
9.5036	1.65E-08
9.51393	1.56E-08
9.52426	1.54E-08
9.53459	1.48E-08
9.54492	1.37E-08
9.55525	1.31E-08
9.56558	1.27E-08
9.57591	1.23E-08
9.58624	1.16E-08
9.59657	1.14E-08
9.6069	1.12E-08
9.61723	1.10E-08
9.62756	1.07E-08
9.63789	1.03E-08
9.64822	1.03E-08
9.65855	1.01E-08
9.66888	9.85E-09
9.67921	9.64E-09
9.68954	9.53E-09
9.69987	9.43E-09
9.7102	9.33E-09
9.72053	9.23E-09
9.73086	9.14E-09
9.74119	9.05E-09
9.75152	8.97E-09
9.76185	8.90E-09
9.77218	8.77E-09
9.78251	8.68E-09
9.79284	8.55E-09
9.80317	8.44E-09
9.8135	8.31E-09
9.82383	8.22E-09
9.83416	8.12E-09
9.84449	8.00E-09
9.85482	7.94E-09
9.86515	7.86E-09
9.87548	7.81E-09
9.88581	7.64E-09
9.89614	7.80E-09
9.90647	7.76E-09
9.9168	7.60E-09
9.92713	7.56E-09
9.93746	7.50E-09
9.94779	7.47E-09
9.95812	7.50E-09
9.96845	7.44E-09
9.97878	7.58E-09
9.98911	7.63E-09
9.99944	7.62E-09
10.00977	7.50E-09
10.0201	7.46E-09
10.03043	7.52E-09
10.04076	7.42E-09
10.05109	7.31E-09
10.06142	7.26E-09
10.07175	7.23E-09
10.08208	7.32E-09
10.09241	7.34E-09
10.10274	7.28E-09
10.11307	7.28E-09
10.1234	7.29E-09
10.13373	7.27E-09
10.14406	7.25E-09
10.15439	7.24E-09
10.16472	7.27E-09
10.17505	7.29E-09
10.18538	7.27E-09
10.19571	7.19E-09
10.20604	7.18E-09
10.21637	7.22E-09
10.2267	7.18E-09
10.23703	7.12E-09
10.24736	7.25E-09
10.25769	7.24E-09
10.26802	7.23E-09
10.27835	7.22E-09
10.28868	7.26E-09
10.29901	7.27E-09
10.30934	7.26E-09
10.31967	7.22E-09
10.33	7.22E-09
10.34033	7.24E-09
10.35066	7.27E-09
10.36099	7.28E-09
10.37132	7.32E-09
10.38165	7.35E-09
10.39198	7.34E-09
10.40231	7.34E-09
10.41264	7.32E-09
10.42297	7.18E-09
10.4333	7.31E-09
10.44363	7.24E-09
10.45396	7.21E-09
10.46429	7.17E-09
10.47462	7.14E-09
10.48495	7.12E-09
10.49528	7.07E-09
10.50561	7.02E-09
10.51594	6.99E-09
10.52627	6.98E-09
10.5366	6.94E-09
10.54693	6.93E-09
10.55726	6.89E-09
10.56759	6.91E-09
10.57792	6.84E-09
10.58825	6.82E-09
10.59858	6.82E-09
10.60891	6.75E-09
10.61924	6.72E-09
10.62957	6.70E-09
10.6399	6.73E-09
10.65023	6.77E-09
10.66056	6.80E-09
10.67089	6.83E-09
10.68122	6.86E-09
10.69155	6.90E-09
10.70188	7.02E-09
10.71221	7.09E-09
10.72254	7.07E-09
10.73287	7.03E-09
10.7432	6.95E-09
10.75353	6.92E-09
10.76386	6.94E-09
10.77419	6.91E-09
10.78452	6.87E-09
10.79485	6.84E-09
10.80518	6.86E-09
10.81551	6.86E-09
10.82584	6.73E-09
10.83617	6.83E-09
10.8465	6.91E-09
10.85683	6.92E-09
10.86716	6.96E-09
10.87749	7.03E-09
10.88782	7.08E-09
10.89815	7.11E-09
10.90848	7.06E-09
10.91881	7.01E-09
10.92914	7.02E-09
10.93947	7.01E-09
10.9498	6.98E-09
10.96013	6.97E-09
10.97046	6.94E-09
10.98079	6.91E-09
10.99112	6.96E-09
11.00145	6.92E-09
11.01178	6.87E-09
11.02211	6.83E-09
11.03244	6.81E-09
11.04277	6.77E-09
11.0531	6.74E-09
11.06343	6.70E-09
11.07376	6.65E-09
11.08409	6.65E-09
11.09442	6.65E-09
11.10475	6.65E-09
11.11508	6.59E-09
11.12541	6.53E-09
11.13574	6.59E-09
11.14607	6.59E-09
11.1564	6.57E-09
11.16673	6.54E-09
11.17706	6.53E-09
11.18739	6.45E-09
11.19772	6.47E-09
11.20805	6.51E-09
11.21838	6.55E-09
11.22871	6.55E-09
11.23904	6.54E-09
11.24937	6.54E-09
11.2597	6.55E-09
11.27003	6.66E-09
11.28036	6.71E-09
11.29069	6.73E-09
11.30102	6.79E-09
11.31135	6.87E-09
11.32168	6.94E-09
11.33201	7.01E-09
11.34234	7.09E-09
11.35267	7.20E-09
11.363	7.37E-09
11.37333	7.55E-09
11.38366	7.74E-09
11.39399	7.92E-09
11.40432	8.25E-09
11.41465	8.65E-09
11.42498	9.08E-09
11.43531	9.57E-09
11.44564	1.01E-08
11.45597	1.08E-08
11.4663	1.17E-08
11.47663	7.41E-09
11.48696	6.70E-09
11.49729	5.99E-09
11.50762	5.14E-09
11.51795	4.60E-09
11.52828	4.11E-09
11.53861	3.70E-09
11.54894	3.29E-09
11.55927	2.95E-09
11.5696	2.73E-09
11.57993	2.51E-09
11.59026	2.33E-09
11.60059	2.17E-09
11.61092	2.06E-09
11.62125	1.94E-09
11.63158	1.83E-09
11.64191	1.72E-09
11.65224	1.66E-09
11.66257	1.64E-09
11.6729	1.60E-09
11.68323	1.56E-09
11.69356	1.50E-09
11.70389	1.49E-09
11.71422	1.49E-09
11.72455	1.50E-09
11.73488	1.51E-09
11.74521	1.50E-09
11.75554	1.48E-09
11.76587	1.52E-09
11.7762	1.54E-09
11.78653	1.56E-09
11.79686	1.58E-09
11.80719	1.60E-09
11.81752	1.63E-09
11.82785	1.64E-09
11.83818	1.67E-09
11.84851	1.71E-09
11.85884	1.72E-09
11.86917	1.74E-09
11.8795	1.77E-09
11.88983	1.81E-09
11.90016	1.84E-09
11.91049	1.87E-09
11.92082	1.88E-09
11.93115	1.92E-09
11.94148	1.93E-09
11.95181	1.95E-09
11.96214	1.99E-09
11.97247	2.02E-09
11.9828	2.05E-09
11.99313	2.08E-09
12.00346	2.11E-09
12.01379	2.16E-09
12.02412	2.18E-09
12.03445	2.23E-09
12.04478	2.29E-09
12.05511	2.33E-09
12.06544	2.38E-09
12.07577	2.42E-09
12.0861	2.47E-09
12.09643	2.53E-09
12.10676	2.59E-09
12.11709	2.64E-09
12.12742	2.67E-09
12.13775	2.73E-09
12.14808	2.78E-09
12.15841	2.82E-09
12.16874	2.86E-09
12.17907	2.92E-09
12.1894	2.98E-09
12.19973	3.07E-09
12.21006	3.12E-09
12.22039	3.19E-09
12.23072	3.25E-09
12.24105	3.32E-09
12.25138	3.37E-09
12.26171	3.40E-09
12.27204	3.49E-09
12.28237	3.60E-09
12.2927	3.65E-09
12.30303	3.70E-09
12.31336	3.77E-09
12.32369	3.80E-09
12.33402	3.79E-09
12.34435	3.84E-09
12.35468	3.89E-09
12.36501	3.94E-09
12.37534	3.97E-09
12.38567	4.02E-09
12.396	4.06E-09
12.40633	4.16E-09
12.41666	4.18E-09
12.42699	4.18E-09
12.43732	4.09E-09
12.44765	4.11E-09
12.45798	4.12E-09
12.46831	4.14E-09
12.47864	4.16E-09
12.48897	4.18E-09
12.4993	4.19E-09
12.50963	4.20E-09
12.51996	4.20E-09
12.53029	4.21E-09
12.54062	4.23E-09
12.55095	4.24E-09
12.56128	4.26E-09
12.57161	4.38E-09
12.58194	4.41E-09
12.59227	4.40E-09
12.6026	4.32E-09
12.61293	4.36E-09
12.62326	4.37E-09
12.63359	4.46E-09
12.64392	4.47E-09
12.65425	4.46E-09
12.66458	4.45E-09
12.67491	4.43E-09
12.68524	4.40E-09
12.69557	4.36E-09
12.7059	4.25E-09
12.71623	4.22E-09
12.72656	4.20E-09
12.73689	4.17E-09
12.74722	4.23E-09
12.75755	4.21E-09
12.76788	4.15E-09
12.77821	4.00E-09
12.78854	3.96E-09
12.79887	3.92E-09
12.8092	3.87E-09
12.81953	3.88E-09
12.82986	3.86E-09
12.84019	3.81E-09
12.85052	3.72E-09
12.86085	3.65E-09
12.87118	3.61E-09
12.88151	3.61E-09
12.89184	3.56E-09
12.90217	3.51E-09
12.9125	3.46E-09
12.92283	3.38E-09
12.93316	3.25E-09
12.94349	3.20E-09
12.95382	3.15E-09
12.96415	3.16E-09
12.97448	3.11E-09
12.98481	3.06E-09
12.99514	3.01E-09
13.00547	2.95E-09
13.0158	2.87E-09
13.02613	2.83E-09
13.03646	2.80E-09
13.04679	2.77E-09
13.05712	2.72E-09
13.06745	2.67E-09
13.07778	2.62E-09
13.08811	2.52E-09
13.09844	2.47E-09
13.10877	2.42E-09
13.1191	2.36E-09
13.12943	2.33E-09
13.13976	2.31E-09
13.15009	2.31E-09
13.16042	2.30E-09
13.17075	2.28E-09
13.18108	2.28E-09
13.19141	2.27E-09
13.20174	2.31E-09
13.21207	2.36E-09
13.2224	2.42E-09
13.23273	2.48E-09
13.24306	2.56E-09
13.25339	2.64E-09
13.26372	2.79E-09
13.27405	3.00E-09
13.28438	3.25E-09
13.29471	3.53E-09
13.30504	3.86E-09
13.31537	4.25E-09
13.3257	4.71E-09
13.33603	5.14E-09
13.34636	5.63E-09
13.35669	6.24E-09
13.36702	6.99E-09
13.37735	7.94E-09
13.38768	9.25E-09
13.39801	1.06E-08
13.40834	1.18E-08
13.41867	1.34E-08
13.429	1.53E-08
13.43933	1.79E-08
13.44966	2.13E-08
13.45999	2.59E-08
13.47032	2.83E-08
13.48065	3.10E-08
13.49098	3.42E-08
13.50131	3.79E-08
13.51164	4.27E-08
13.52197	4.94E-08
13.5323	4.56E-08
13.54263	5.35E-08
13.55296	5.30E-08
13.56329	5.27E-08
13.57362	5.20E-08
13.58395	5.12E-08
13.59428	5.02E-08
13.60461	4.82E-08
13.61494	4.61E-08
13.62527	4.41E-08
13.6356	2.99E-08
13.64593	7.89E-08
13.65626	7.93E-08
13.66659	8.00E-08
13.67692	8.03E-08
13.68725	8.07E-08
13.69758	8.09E-08
13.70791	8.09E-08
13.71824	8.08E-08
13.72857	8.09E-08
13.7389	8.09E-08
13.74923	8.09E-08
13.75956	8.08E-08
13.76989	8.06E-08
13.78022	8.02E-08
13.79055	7.74E-08
13.80088	8.19E-08
13.81121	8.17E-08
13.82154	7.88E-08
13.83187	7.93E-08
13.8422	7.88E-08
13.85253	8.07E-08
13.86286	8.07E-08
13.87319	8.04E-08
13.88352	7.74E-08
13.89385	7.79E-08
13.90418	8.07E-08
13.91451	8.07E-08
13.92484	8.09E-08
13.93517	8.10E-08
13.9455	8.11E-08
13.95583	8.15E-08
13.96616	8.17E-08
13.97649	8.21E-08
13.98682	8.24E-08
13.99715	8.28E-08
14.00748	8.33E-08
14.01781	8.35E-08
14.02814	8.14E-08
14.03847	8.26E-08
14.0488	8.28E-08
14.05913	8.25E-08
14.06946	8.45E-08
14.07979	8.46E-08
14.09012	8.45E-08
14.10045	8.24E-08
14.11078	8.29E-08
14.12111	8.31E-08
14.13144	8.31E-08
14.14177	8.31E-08
14.1521	8.30E-08
14.16243	8.28E-08
14.17276	8.28E-08
14.18309	8.33E-08
14.19342	8.36E-08
14.20375	8.37E-08
14.21408	8.37E-08
14.22441	8.26E-08
14.23474	8.40E-08
14.24507	8.39E-08
14.2554	8.41E-08
14.26573	8.42E-08
14.27606	8.44E-08
14.28639	8.45E-08
14.29672	8.46E-08
14.30705	8.49E-08
14.31738	8.49E-08
14.32771	8.51E-08
14.33804	8.53E-08
14.34837	8.54E-08
14.3587	8.55E-08
14.36903	8.57E-08
14.37936	8.45E-08
14.38969	8.51E-08
14.40002	8.52E-08
14.41035	8.39E-08
14.42068	8.62E-08
14.43101	8.62E-08
14.44134	8.64E-08
14.45167	8.65E-08
14.462	8.65E-08
14.47233	8.57E-08
14.48266	8.63E-08
14.49299	8.61E-08
14.50332	8.67E-08
14.51365	8.68E-08
14.52398	8.69E-08
14.53431	8.72E-08
14.54464	8.58E-08
14.55497	8.62E-08
14.5653	8.71E-08
14.57563	8.65E-08
14.58596	8.60E-08
14.59629	8.56E-08
14.60662	8.43E-08
14.61695	8.45E-08
14.62728	8.43E-08
14.63761	8.39E-08
14.64794	8.25E-08
14.65827	8.37E-08
14.6686	8.34E-08
14.67893	8.19E-08
14.68926	8.23E-08
14.69959	8.23E-08
14.70992	8.23E-08
14.72025	8.23E-08
14.73058	8.25E-08
14.74091	8.26E-08
14.75124	8.27E-08
14.76157	8.24E-08
14.7719	8.21E-08
14.78223	8.19E-08
14.79256	8.20E-08
14.80289	8.23E-08
14.81322	8.24E-08
14.82355	8.25E-08
14.83388	8.20E-08
14.84421	8.30E-08
14.85454	8.33E-08
14.86487	8.35E-08
14.8752	8.37E-08
14.88553	8.40E-08
14.89586	8.42E-08
14.90619	8.46E-08
14.91652	8.23E-08
14.92685	8.40E-08
14.93718	8.55E-08
14.94751	8.57E-08
14.95784	8.62E-08
14.96817	8.66E-08
14.9785	8.64E-08
14.98883	8.75E-08
14.99916	8.81E-08
15.00949	8.87E-08
15.01982	8.91E-08
15.03015	8.82E-08
15.04048	9.00E-08
15.05081	9.06E-08
15.06114	9.07E-08
15.07147	9.23E-08
15.0818	9.33E-08
15.09213	9.38E-08
15.10246	9.42E-08
15.11279	9.41E-08
15.12312	9.46E-08
15.13345	9.61E-08
15.14378	9.70E-08
15.15411	9.78E-08
15.16444	9.85E-08
15.17477	9.87E-08
15.1851	9.90E-08
15.19543	9.95E-08
15.20576	1.00E-07
15.21609	1.01E-07
15.22642	1.01E-07
15.23675	1.02E-07
15.24708	1.02E-07
15.25741	1.02E-07
15.26774	1.03E-07
15.27807	1.03E-07
15.2884	1.04E-07
15.29873	1.04E-07
15.30906	1.04E-07
15.31939	1.04E-07
15.32972	1.05E-07
15.34005	1.04E-07
15.35038	1.06E-07
15.36071	1.06E-07
15.37104	1.06E-07
15.38137	1.06E-07
15.3917	1.05E-07
15.40203	1.05E-07
15.41236	1.05E-07
15.42269	1.05E-07
15.43302	1.03E-07
15.44335	1.06E-07
15.45368	1.06E-07
15.46401	1.06E-07
15.47434	1.06E-07
15.48467	1.06E-07
15.495	1.06E-07
15.50533	1.06E-07
15.51566	1.06E-07
15.52599	1.06E-07
15.53632	1.06E-07
15.54665	1.06E-07
15.55698	1.07E-07
15.56731	1.07E-07
15.57764	1.07E-07
15.58797	1.06E-07
15.5983	1.06E-07
15.60863	1.04E-07
15.61896	1.05E-07
15.62929	1.04E-07
15.63962	1.05E-07
15.64995	1.05E-07
15.66028	1.05E-07
15.67061	1.05E-07
15.68094	1.04E-07
15.69127	1.03E-07
15.7016	1.04E-07
15.71193	1.04E-07
15.72226	1.04E-07
15.73259	1.04E-07
15.74292	1.03E-07
15.75325	1.03E-07
15.76358	1.03E-07
15.77391	1.03E-07
15.78424	1.03E-07
15.79457	1.03E-07
15.8049	1.03E-07
15.81523	1.02E-07
15.82556	1.02E-07
15.83589	1.02E-07
15.84622	1.01E-07
15.85655	1.03E-07
15.86688	1.03E-07
15.87721	1.03E-07
15.88754	1.01E-07
15.89787	1.02E-07
15.9082	1.02E-07
15.91853	1.01E-07
15.92886	1.02E-07
15.93919	1.02E-07
15.94952	1.03E-07
15.95985	1.03E-07
15.97018	1.04E-07
15.98051	1.04E-07
15.99084	1.03E-07
16.00117	1.06E-07
16.0115	1.07E-07
16.02183	1.07E-07
16.03216	1.05E-07
16.04249	1.06E-07
16.05282	1.07E-07
16.06315	1.08E-07
16.07348	1.09E-07
16.08381	1.10E-07
16.09414	1.10E-07
16.10447	1.13E-07
16.1148	1.14E-07
16.12513	1.15E-07
16.13546	1.16E-07
16.14579	1.16E-07
16.15612	1.17E-07
16.16645	1.16E-07
16.17678	1.17E-07
16.18711	1.18E-07
16.19744	1.19E-07
16.20777	1.20E-07
16.2181	1.20E-07
16.22843	1.21E-07
16.23876	1.22E-07
16.24909	1.23E-07
16.25942	1.23E-07
16.26975	1.24E-07
16.28008	1.24E-07
16.29041	1.24E-07
16.30074	1.27E-07
16.31107	1.27E-07
16.3214	1.28E-07
16.33173	1.29E-07
16.34206	1.25E-07
16.35239	1.27E-07
16.36272	1.27E-07
16.37305	1.31E-07
16.38338	1.31E-07
16.39371	1.32E-07
16.40404	1.32E-07
16.41437	1.33E-07
16.4247	1.33E-07
16.43503	1.34E-07
16.44536	1.31E-07
16.45569	1.33E-07
16.46602	1.33E-07
16.47635	1.32E-07
16.48668	1.36E-07
16.49701	1.37E-07
16.50734	1.37E-07
16.51767	1.38E-07
16.528	1.38E-07
16.53833	1.39E-07
16.54866	1.40E-07
16.55899	1.41E-07
16.56932	1.41E-07
16.57965	1.42E-07
16.58998	1.42E-07
16.60031	1.43E-07
16.61064	1.44E-07
16.62097	1.42E-07
16.6313	1.44E-07
16.64163	1.45E-07
16.65196	1.47E-07
16.66229	1.47E-07
16.67262	1.47E-07
16.68295	1.49E-07
16.69328	1.49E-07
16.70361	1.48E-07
16.71394	1.50E-07
16.72427	1.50E-07
16.7346	1.50E-07
16.74493	1.50E-07
16.75526	1.52E-07
16.76559	1.53E-07
16.77592	1.53E-07
16.78625	1.54E-07
16.79658	1.54E-07
16.80691	1.55E-07
16.81724	1.55E-07
16.82757	1.55E-07
16.8379	1.54E-07
16.84823	1.52E-07
16.85856	1.54E-07
16.86889	1.54E-07
16.87922	1.54E-07
16.88955	1.53E-07
16.89988	1.54E-07
16.91021	1.54E-07
16.92054	1.54E-07
16.93087	1.54E-07
16.9412	1.54E-07
16.95153	1.54E-07
16.96186	1.54E-07
16.97219	1.56E-07
16.98252	1.56E-07
16.99285	1.56E-07
17.00318	1.56E-07
17.01351	1.56E-07
17.02384	1.57E-07
17.03417	1.57E-07
17.0445	1.58E-07
17.05483	1.58E-07
17.06516	1.58E-07
17.07549	1.58E-07
17.08582	1.60E-07
17.09615	1.60E-07
17.10648	1.61E-07
17.11681	1.61E-07
17.12714	1.61E-07
17.13747	1.64E-07
17.1478	1.64E-07
17.15813	1.66E-07
17.16846	1.65E-07
17.17879	1.65E-07
17.18912	1.67E-07
17.19945	1.68E-07
17.20978	1.67E-07
17.22011	1.69E-07
17.23044	1.70E-07
17.24077	1.72E-07
17.2511	1.74E-07
17.26143	1.75E-07
17.27176	1.76E-07
17.28209	1.78E-07
17.29242	1.79E-07
17.30275	1.80E-07
17.31308	1.82E-07
17.32341	1.83E-07
17.33374	1.85E-07
17.34407	1.86E-07
17.3544	1.88E-07
17.36473	1.90E-07
17.37506	1.90E-07
17.38539	1.93E-07
17.39572	1.96E-07
17.40605	1.98E-07
17.41638	1.99E-07
17.42671	2.02E-07
17.43704	2.03E-07
17.44737	2.05E-07
17.4577	2.09E-07
17.46803	2.11E-07
17.47836	2.15E-07
17.48869	2.16E-07
17.49902	2.17E-07
17.50935	2.20E-07
17.51968	2.21E-07
17.53001	2.24E-07
17.54034	2.28E-07
17.55067	2.30E-07
17.561	2.33E-07
17.57133	2.35E-07
17.58166	2.38E-07
17.59199	2.41E-07
17.60232	2.42E-07
17.61265	2.45E-07
17.62298	2.47E-07
17.63331	2.49E-07
17.64364	2.51E-07
17.65397	2.55E-07
17.6643	2.59E-07
17.67463	2.63E-07
17.68496	2.66E-07
17.69529	2.66E-07
17.70562	2.67E-07
17.71595	2.68E-07
17.72628	2.72E-07
17.73661	2.75E-07
17.74694	2.84E-07
17.75727	2.88E-07
17.7676	2.92E-07
17.77793	2.94E-07
17.78826	2.96E-07
17.79859	2.99E-07
17.80892	2.99E-07
17.81925	2.94E-07
17.82958	2.96E-07
17.83991	2.97E-07
17.85024	3.00E-07
17.86057	3.02E-07
17.8709	3.04E-07
17.88123	3.12E-07
17.89156	3.20E-07
17.90189	3.23E-07
17.91222	3.24E-07
17.92255	3.22E-07
17.93288	3.17E-07
17.94321	3.19E-07
17.95354	3.21E-07
17.96387	3.24E-07
17.9742	3.34E-07
17.98453	3.40E-07
17.99486	3.43E-07
18.00519	3.39E-07
18.01552	3.37E-07
18.02585	3.40E-07
18.03618	3.51E-07
18.04651	3.61E-07
18.05684	3.66E-07
18.06717	3.71E-07
18.0775	3.75E-07
18.08783	3.78E-07
18.09816	3.82E-07
18.10849	3.87E-07
18.11882	3.91E-07
18.12915	3.95E-07
18.13948	3.89E-07
18.14981	3.94E-07
18.16014	4.02E-07
18.17047	4.09E-07
18.1808	4.21E-07
18.19113	4.37E-07
18.20146	4.46E-07
18.21179	4.56E-07
18.22212	4.63E-07
18.23245	4.73E-07
18.24278	4.81E-07
18.25311	4.89E-07
18.26344	5.00E-07
18.27377	5.10E-07
18.2841	5.22E-07
18.29443	5.30E-07
18.30476	5.35E-07
18.31509	5.48E-07
18.32542	5.61E-07
18.33575	5.75E-07
18.34608	5.90E-07
18.35641	6.09E-07
18.36674	6.40E-07
18.37707	6.67E-07
18.3874	6.92E-07
18.39773	7.15E-07
18.40806	7.37E-07
18.41839	7.59E-07
18.42872	7.83E-07
18.43905	8.10E-07
18.44938	8.38E-07
18.45971	8.70E-07
18.47004	9.05E-07
18.48037	9.46E-07
18.4907	9.90E-07
18.50103	1.04E-06
18.51136	1.08E-06
18.52169	1.13E-06
18.53202	1.20E-06
18.54235	1.27E-06
18.55268	1.37E-06
18.56301	1.47E-06
18.57334	1.57E-06
18.58367	1.71E-06
18.594	1.83E-06
18.60433	1.97E-06
18.61466	2.08E-06
18.62499	2.19E-06
18.63532	2.38E-06
18.64565	2.57E-06
18.65598	2.78E-06
18.66631	3.03E-06
18.67664	3.31E-06
18.68697	3.68E-06
18.6973	4.05E-06
18.70763	4.65E-06
18.71796	5.35E-06
18.72829	6.26E-06
18.73862	6.25E-06
18.74895	6.45E-06
18.75928	6.32E-06
18.76961	6.18E-06
18.77994	5.98E-06
18.79027	5.77E-06
18.8006	5.52E-06
18.81093	5.30E-06
18.82126	3.80E-06
18.83159	4.60E-06
18.84192	4.94E-06
18.85225	5.08E-06
18.86258	5.06E-06
18.87291	3.69E-06
18.88324	1.81E-06
18.89357	2.23E-06
18.9039	1.75E-06
18.91423	1.40E-06
18.92456	1.13E-06
18.93489	9.21E-07
18.94522	7.71E-07
18.95555	6.54E-07
18.96588	5.63E-07
18.97621	4.94E-07
18.98654	3.48E-07
18.99687	4.16E-07
19.0072	3.04E-07
19.01753	3.47E-07
19.02786	3.98E-07
19.03819	4.32E-07
19.04852	4.44E-07
19.05885	4.21E-07
19.06918	3.62E-07
19.07951	2.76E-07
19.08984	1.87E-07
19.10017	2.00E-07
19.1105	3.53E-07
19.12083	5.24E-07
19.13116	6.67E-07
19.14149	7.61E-07
19.15182	7.63E-07
19.16215	6.23E-07
19.17248	1.33E-07
19.18281	6.44E-08
19.19314	6.88E-08
19.20347	7.37E-08
19.2138	7.88E-08
19.22413	8.47E-08
19.23446	7.36E-07
19.24479	1.12E-06
19.25512	1.28E-06
19.26545	1.24E-06
19.27578	9.89E-07
19.28611	4.09E-07
19.29644	1.37E-07
19.30677	1.44E-07
19.3171	1.49E-07
19.32743	3.46E-07
19.33776	1.10E-06
19.34809	1.59E-06
19.35842	1.97E-06
19.36875	2.26E-06
19.37908	2.48E-06
19.38941	2.64E-06
19.39974	2.74E-06
19.41007	2.79E-06
19.4204	2.80E-06
19.43073	2.76E-06
19.44106	2.70E-06
19.45139	2.64E-06
19.46172	2.63E-06
19.47205	2.70E-06
19.48238	2.82E-06
19.49271	3.00E-06
19.50304	3.23E-06
19.51337	3.46E-06
19.5237	3.72E-06
19.53403	3.99E-06
19.54436	4.29E-06
19.55469	4.56E-06
19.56502	4.82E-06
19.57535	5.05E-06
19.58568	5.21E-06
19.59601	5.29E-06
19.60634	5.18E-06
19.61667	4.79E-06
19.627	4.01E-06
19.63733	2.61E-06
19.64766	1.34E-06
19.65799	1.46E-06
19.66832	1.59E-06
19.67865	2.87E-06
19.68898	5.39E-06
19.69931	1.80E-05
19.70964	4.21E-05
19.71997	7.85E-05
19.7303	1.08E-04
19.74063	1.31E-04
19.75096	1.38E-04
19.76129	1.41E-04
19.77162	1.35E-04
19.78195	1.27E-04
19.79228	1.12E-04
19.80261	9.17E-05
19.81294	6.76E-05
19.82327	3.68E-05
19.8336	1.61E-05
19.84393	9.18E-06
19.85426	3.53E-06
19.86459	8.55E-06
19.87492	9.37E-06
19.88525	8.50E-06
19.89558	1.56E-05
19.90591	2.22E-05
19.91624	2.83E-05
19.92657	3.40E-05
19.9369	7.82E-06
19.94723	3.86E-05
19.95756	4.22E-05
19.96789	4.77E-05
19.97822	5.44E-05
19.98855	6.34E-05
19.99888	7.25E-05
20.00921	9.17E-05
20.01954	1.14E-04
20.02987	1.53E-04
20.0402	1.99E-04
20.05053	2.47E-04
20.06086	2.90E-04
20.07119	3.26E-04
20.08152	3.52E-04
20.09185	3.76E-04
20.10218	3.93E-04
20.11251	4.10E-04
20.12284	4.23E-04
20.13317	4.35E-04
20.1435	4.54E-04
20.15383	4.77E-04
20.16416	5.12E-04
20.17449	5.59E-04
20.18482	6.18E-04
20.19515	6.98E-04
20.20548	7.88E-04
20.21581	9.14E-04
20.22614	1.05E-03
20.23647	1.23E-03
20.2468	1.42E-03
20.25713	1.66E-03
20.26746	1.90E-03
20.27779	2.18E-03
20.28812	2.49E-03
20.29845	2.85E-03
20.30878	3.24E-03
20.31911	3.66E-03
20.32944	4.14E-03
20.33977	4.65E-03
20.3501	5.29E-03
20.36043	5.94E-03
20.37076	6.72E-03
20.38109	7.55E-03
20.39142	8.50E-03
20.40175	9.47E-03
20.41208	1.06E-02
20.42241	1.17E-02
20.43274	1.29E-02
20.44307	1.43E-02
20.4534	1.56E-02
20.46373	1.73E-02
20.47406	1.90E-02
20.48439	2.09E-02
20.49472	2.28E-02
20.50505	2.46E-02
20.51538	2.65E-02
20.52571	2.80E-02
20.53604	2.96E-02
20.54637	3.10E-02
20.5567	3.23E-02
20.56703	3.34E-02
20.57736	3.45E-02
20.58769	3.54E-02
20.59802	3.64E-02
20.60835	3.72E-02
20.61868	3.78E-02
20.62901	3.81E-02
20.63934	3.84E-02
20.64967	3.84E-02
20.66	3.85E-02
20.67033	3.83E-02
20.68066	3.83E-02
20.69099	3.83E-02
20.70132	3.83E-02
20.71165	3.85E-02
20.72198	3.86E-02
20.73231	3.88E-02
20.74264	3.89E-02
20.75297	3.91E-02
20.7633	3.91E-02
20.77363	3.91E-02
20.78396	3.93E-02
20.79429	3.96E-02
20.80462	4.01E-02
20.81495	4.05E-02
20.82528	4.11E-02
20.83561	4.16E-02
20.84594	4.21E-02
20.85627	4.24E-02
20.8666	4.24E-02
20.87693	4.25E-02
20.88726	4.24E-02
20.89759	4.24E-02
20.90792	4.22E-02
20.91825	4.21E-02
20.92858	4.19E-02
20.93891	4.19E-02
20.94924	4.16E-02
20.95957	4.13E-02
20.9699	4.10E-02
20.98023	4.07E-02
20.99056	4.04E-02
21.00089	4.02E-02
21.01122	4.02E-02
21.02155	4.02E-02
21.03188	4.05E-02
21.04221	4.08E-02
21.05254	4.13E-02
21.06287	4.16E-02
21.0732	4.19E-02
21.08353	4.21E-02
21.09386	4.22E-02
21.10419	4.24E-02
21.11452	4.25E-02
21.12485	4.28E-02
21.13518	4.32E-02
21.14551	4.36E-02
21.15584	4.39E-02
21.16617	4.44E-02
21.1765	4.44E-02
21.18683	4.46E-02
21.19716	4.44E-02
21.20749	4.42E-02
21.21782	4.39E-02
21.22815	4.38E-02
21.23848	4.36E-02
21.24881	4.35E-02
21.25914	4.35E-02
21.26947	4.35E-02
21.2798	4.33E-02
21.29013	4.32E-02
21.30046	4.30E-02
21.31079	4.27E-02
21.32112	4.25E-02
21.33145	4.22E-02
21.34178	4.22E-02
21.35211	4.24E-02
21.36244	4.27E-02
21.37277	4.32E-02
21.3831	4.35E-02
21.39343	4.38E-02
21.40376	4.39E-02
21.41409	4.39E-02
21.42442	4.38E-02
21.43475	4.35E-02
21.44508	4.32E-02
21.45541	4.28E-02
21.46574	4.25E-02
21.47607	4.25E-02
21.4864	4.25E-02
21.49673	4.27E-02
21.50706	4.27E-02
21.51739	4.28E-02
21.52772	4.30E-02
21.53805	4.30E-02
21.54838	4.28E-02
21.55871	4.28E-02
21.56904	4.28E-02
21.57937	4.28E-02
21.5897	4.30E-02
21.60003	4.30E-02
21.61036	4.32E-02
21.62069	4.32E-02
21.63102	4.32E-02
21.64135	4.28E-02
21.65168	4.25E-02
21.66201	4.22E-02
21.67234	4.18E-02
21.68267	4.13E-02
21.693	4.11E-02
21.70333	4.08E-02
21.71366	4.10E-02
21.72399	4.10E-02
21.73432	4.13E-02
21.74465	4.16E-02
21.75498	4.18E-02
21.76531	4.21E-02
21.77564	4.24E-02
21.78597	4.25E-02
21.7963	4.28E-02
21.80663	4.32E-02
21.81696	4.35E-02
21.82729	4.39E-02
21.83762	4.44E-02
21.84795	4.49E-02
21.85828	4.53E-02
21.86861	4.56E-02
21.87894	4.59E-02
21.88927	4.59E-02
21.8996	4.59E-02
21.90993	4.59E-02
21.92026	4.59E-02
21.93059	4.61E-02
21.94092	4.61E-02
21.95125	4.63E-02
21.96158	4.66E-02
21.97191	4.67E-02
21.98224	4.67E-02
21.99257	4.67E-02
22.0029	4.64E-02
22.01323	4.61E-02
22.02356	4.56E-02
22.03389	4.50E-02
22.04422	4.47E-02
22.05455	4.42E-02
22.06488	4.39E-02
22.07521	4.38E-02
22.08554	4.36E-02
22.09587	4.35E-02
22.1062	4.33E-02
22.11653	4.31E-02
22.12686	4.30E-02
22.13719	4.27E-02
22.14752	4.25E-02
22.15785	4.24E-02
22.16818	4.24E-02
22.17851	4.27E-02
22.18884	4.30E-02
22.19917	4.35E-02
22.2095	4.41E-02
22.21983	4.47E-02
22.23016	4.52E-02
22.24049	4.56E-02
22.25082	4.59E-02
22.26115	4.61E-02
22.27148	4.63E-02
22.28181	4.63E-02
22.29214	4.63E-02
22.30247	4.63E-02
22.3128	4.63E-02
22.32313	4.63E-02
22.33346	4.63E-02
22.34379	4.59E-02
22.35412	4.58E-02
22.36445	4.53E-02
22.37478	4.47E-02
22.38511	4.41E-02
22.39544	4.33E-02
22.40577	4.25E-02
22.4161	4.19E-02
22.42643	4.14E-02
22.43676	4.11E-02
22.44709	4.08E-02
22.45742	4.08E-02
22.46775	4.08E-02
22.47808	4.08E-02
22.48841	4.10E-02
22.49874	4.10E-02
22.50907	4.10E-02
22.5194	4.10E-02
22.52973	4.11E-02
22.54006	4.14E-02
22.55039	4.17E-02
22.56072	4.24E-02
22.57105	4.28E-02
22.58138	4.36E-02
22.59171	4.44E-02
22.60204	4.48E-02
22.61237	4.53E-02
22.6227	4.56E-02
22.63303	4.55E-02
22.64336	4.53E-02
22.65369	4.50E-02
22.66402	4.45E-02
22.67435	4.42E-02
22.68468	4.39E-02
22.69501	4.36E-02
22.70534	4.34E-02
22.71567	4.33E-02
22.726	4.31E-02
22.73633	4.31E-02
22.74666	4.30E-02
22.75699	4.28E-02
22.76732	4.25E-02
22.77765	4.23E-02
22.78798	4.20E-02
22.79831	4.17E-02
22.80864	4.16E-02
22.81897	4.14E-02
22.8293	4.13E-02
22.83963	4.13E-02
22.84996	4.11E-02
22.86029	4.11E-02
22.87062	4.10E-02
22.88095	4.06E-02
22.89128	4.05E-02
22.90161	4.02E-02
22.91194	3.99E-02
22.92227	3.97E-02
22.9326	3.94E-02
22.94293	3.92E-02
22.95326	3.92E-02
22.96359	3.92E-02
22.97392	3.92E-02
22.98425	3.92E-02
22.99458	3.91E-02
23.00491	3.89E-02
23.01524	3.88E-02
23.02557	3.85E-02
23.0359	3.82E-02
23.04623	3.78E-02
23.05656	3.74E-02
23.06689	3.72E-02
23.07722	3.69E-02
23.08755	3.68E-02
23.09788	3.68E-02
23.10821	3.66E-02
23.11854	3.64E-02
23.12887	3.63E-02
23.1392	3.60E-02
23.14953	3.57E-02
23.15986	3.52E-02
23.17019	3.46E-02
23.18052	3.40E-02
23.19085	3.33E-02
23.20118	3.27E-02
23.21151	3.22E-02
23.22184	3.19E-02
23.23217	3.16E-02
23.2425	3.15E-02
23.25283	3.15E-02
23.26316	3.13E-02
23.27349	3.11E-02
23.28382	3.10E-02
23.29415	3.08E-02
23.30448	3.05E-02
23.31481	3.04E-02
23.32514	3.02E-02
23.33547	3.01E-02
23.3458	3.01E-02
23.35613	3.01E-02
23.36646	3.04E-02
23.37679	3.05E-02
23.38712	3.08E-02
23.39745	3.10E-02
23.40778	3.13E-02
23.41811	3.13E-02
23.42844	3.13E-02
23.43877	3.13E-02
23.4491	3.11E-02
23.45943	3.10E-02
23.46976	3.10E-02
23.48009	3.10E-02
23.49042	3.10E-02
23.50075	3.11E-02
23.51108	3.13E-02
23.52141	3.15E-02
23.53174	3.16E-02
23.54207	3.16E-02
23.5524	3.15E-02
23.56273	3.15E-02
23.57306	3.11E-02
23.58339	3.08E-02
23.59372	3.04E-02
23.60405	3.01E-02
23.61438	2.97E-02
23.62471	2.96E-02
23.63504	2.94E-02
23.64537	2.94E-02
23.6557	2.94E-02
23.66603	2.96E-02
23.67636	2.96E-02
23.68669	2.97E-02
23.69702	2.99E-02
23.70735	2.99E-02
23.71768	2.99E-02
23.72801	2.99E-02
23.73834	3.00E-02
23.74867	3.00E-02
23.759	3.04E-02
23.76933	3.05E-02
23.77966	3.08E-02
23.78999	3.11E-02
23.80032	3.14E-02
23.81065	3.16E-02
23.82098	3.18E-02
23.83131	3.18E-02
23.84164	3.16E-02
23.85197	3.16E-02
23.8623	3.14E-02
23.87263	3.11E-02
23.88296	3.10E-02
23.89329	3.08E-02
23.90362	3.07E-02
23.91395	3.05E-02
23.92428	3.05E-02
23.93461	3.04E-02
23.94494	3.01E-02
23.95527	2.99E-02
23.9656	2.96E-02
23.97593	2.91E-02
23.98626	2.88E-02
23.99659	2.82E-02
24.00692	2.76E-02
24.01725	2.71E-02
24.02758	2.65E-02
24.03791	2.60E-02
24.04824	2.55E-02
24.05857	2.52E-02
24.0689	2.49E-02
24.07923	2.48E-02
24.08956	2.45E-02
24.09989	2.41E-02
24.11022	2.40E-02
24.12055	2.37E-02
24.13088	2.34E-02
24.14121	2.30E-02
24.15154	2.27E-02
24.16187	2.24E-02
24.1722	2.21E-02
24.18253	2.20E-02
24.19286	2.18E-02
24.20319	2.16E-02
24.21352	2.15E-02
24.22385	2.15E-02
24.23418	2.13E-02
24.24451	2.12E-02
24.25484	2.10E-02
24.26517	2.07E-02
24.2755	2.04E-02
24.28583	2.01E-02
24.29616	1.98E-02
24.30649	1.93E-02
24.31682	1.90E-02
24.32715	1.88E-02
24.33748	1.85E-02
24.34781	1.84E-02
24.35814	1.84E-02
24.36847	1.82E-02
24.3788	1.82E-02
24.38913	1.84E-02
24.39946	1.84E-02
24.40979	1.84E-02
24.42012	1.84E-02
24.43045	1.84E-02
24.44078	1.84E-02
24.45111	1.84E-02
24.46144	1.84E-02
24.47177	1.84E-02
24.4821	1.85E-02
24.49243	1.85E-02
24.50276	1.87E-02
24.51309	1.88E-02
24.52342	1.90E-02
24.53375	1.90E-02
24.54408	1.90E-02
24.55441	1.90E-02
24.56474	1.90E-02
24.57507	1.88E-02
24.5854	1.88E-02
24.59573	1.87E-02
24.60606	1.87E-02
24.61639	1.85E-02
24.62672	1.85E-02
24.63705	1.87E-02
24.64738	1.87E-02
24.65771	1.88E-02
24.66804	1.92E-02
24.67837	1.93E-02
24.6887	1.96E-02
24.69903	1.98E-02
24.70936	1.99E-02
24.71969	2.01E-02
24.73002	2.02E-02
24.74035	2.04E-02
24.75068	2.06E-02
24.76101	2.06E-02
24.77134	2.07E-02
24.78167	2.09E-02
24.792	2.10E-02
24.80233	2.12E-02
24.81266	2.15E-02
24.82299	2.16E-02
24.83332	2.20E-02
24.84365	2.23E-02
24.85398	2.24E-02
24.86431	2.26E-02
24.87464	2.26E-02
24.88497	2.27E-02
24.8953	2.27E-02
24.90563	2.27E-02
24.91596	2.27E-02
24.92629	2.27E-02
24.93662	2.27E-02
24.94695	2.27E-02
24.95728	2.29E-02
24.96761	2.30E-02
24.97794	2.32E-02
24.98827	2.34E-02
24.9986	2.35E-02
25.00893	2.35E-02
25.01926	2.35E-02
25.02959	2.35E-02
25.03992	2.34E-02
25.05025	2.34E-02
25.06058	2.32E-02
25.07091	2.30E-02
25.08124	2.29E-02
25.09157	2.29E-02
25.1019	2.27E-02
25.11223	2.27E-02
25.12256	2.29E-02
25.13289	2.30E-02
25.14322	2.30E-02
25.15355	2.32E-02
25.16388	2.32E-02
25.17421	2.34E-02
25.18454	2.34E-02
25.19487	2.34E-02
25.2052	2.34E-02
25.21553	2.32E-02
25.22586	2.32E-02
25.23619	2.30E-02
25.24652	2.30E-02
25.25685	2.30E-02
25.26718	2.29E-02
25.27751	2.29E-02
25.28784	2.29E-02
25.29817	2.27E-02
25.3085	2.27E-02
25.31883	2.26E-02
25.32916	2.24E-02
25.33949	2.21E-02
25.34982	2.20E-02
25.36015	2.17E-02
25.37048	2.14E-02
25.38081	2.10E-02
25.39114	2.07E-02
25.40147	2.04E-02
25.4118	2.01E-02
25.42213	1.99E-02
25.43246	1.98E-02
25.44279	1.96E-02
25.45312	1.96E-02
25.46345	1.96E-02
25.47378	1.95E-02
25.48411	1.95E-02
25.49444	1.95E-02
25.50477	1.93E-02
25.5151	1.92E-02
25.52543	1.92E-02
25.53576	1.90E-02
25.54609	1.87E-02
25.55642	1.85E-02
25.56675	1.84E-02
25.57708	1.82E-02
25.58741	1.82E-02
25.59774	1.81E-02
25.60807	1.81E-02
25.6184	1.81E-02
25.62873	1.81E-02
25.63906	1.81E-02
25.64939	1.79E-02
25.65972	1.79E-02
25.67005	1.78E-02
25.68038	1.76E-02
25.69071	1.75E-02
25.70104	1.71E-02
25.71137	1.70E-02
25.7217	1.68E-02
25.73203	1.67E-02
25.74236	1.65E-02
25.75269	1.64E-02
25.76302	1.64E-02
25.77335	1.62E-02
25.78368	1.61E-02
25.79401	1.61E-02
25.80434	1.59E-02
25.81467	1.57E-02
25.825	1.56E-02
25.83533	1.54E-02
25.84566	1.52E-02
25.85599	1.49E-02
25.86632	1.46E-02
25.87665	1.43E-02
25.88698	1.41E-02
25.89731	1.38E-02
25.90764	1.36E-02
25.91797	1.34E-02
25.9283	1.32E-02
25.93863	1.30E-02
25.94896	1.29E-02
25.95929	1.28E-02
25.96962	1.26E-02
25.97995	1.25E-02
25.99028	1.25E-02
26.00061	1.24E-02
26.01094	1.23E-02
26.02127	1.22E-02
26.0316	1.21E-02
26.04193	1.20E-02
26.05226	1.20E-02
26.06259	1.19E-02
26.07292	1.19E-02
26.08325	1.18E-02
26.09358	1.18E-02
26.10391	1.19E-02
26.11424	1.19E-02
26.12457	1.19E-02
26.1349	1.19E-02
26.14523	1.19E-02
26.15556	1.19E-02
26.16589	1.18E-02
26.17622	1.17E-02
26.18655	1.16E-02
26.19688	1.15E-02
26.20721	1.14E-02
26.21754	1.12E-02
26.22787	1.11E-02
26.2382	1.10E-02
26.24853	1.09E-02
26.25886	1.08E-02
26.26919	1.07E-02
26.27952	1.06E-02
26.28985	1.05E-02
26.30018	1.04E-02
26.31051	1.03E-02
26.32084	1.01E-02
26.33117	9.90E-03
26.3415	9.72E-03
26.35183	9.49E-03
26.36216	9.22E-03
26.37249	8.97E-03
26.38282	8.73E-03
26.39315	8.51E-03
26.40348	8.29E-03
26.41381	8.11E-03
26.42414	7.98E-03
26.43447	7.88E-03
26.4448	7.77E-03
26.45513	7.69E-03
26.46546	7.61E-03
26.47579	7.54E-03
26.48612	7.41E-03
26.49645	7.26E-03
26.50678	7.12E-03
26.51711	6.92E-03
26.52744	6.69E-03
26.53777	6.44E-03
26.5481	6.19E-03
26.55843	5.93E-03
26.56876	5.67E-03
26.57909	5.42E-03
26.58942	5.23E-03
26.59975	5.03E-03
26.61008	4.86E-03
26.62041	4.79E-03
26.63074	4.71E-03
26.64107	4.63E-03
26.6514	4.64E-03
26.66173	4.64E-03
26.67206	4.66E-03
26.68239	4.70E-03
26.69272	4.74E-03
26.70305	4.81E-03
26.71338	4.86E-03
26.72371	4.93E-03
26.73404	5.00E-03
26.74437	5.07E-03
26.7547	5.15E-03
26.76503	5.22E-03
26.77536	5.30E-03
26.78569	5.34E-03
26.79602	5.40E-03
26.80635	5.45E-03
26.81668	5.47E-03
26.82701	5.48E-03
26.83734	5.48E-03
26.84767	5.47E-03
26.858	5.42E-03
26.86833	5.36E-03
26.87866	5.30E-03
26.88899	5.21E-03
26.89932	5.12E-03
26.90965	5.03E-03
26.91998	4.92E-03
26.93031	4.82E-03
26.94064	4.71E-03
26.95097	4.63E-03
26.9613	4.54E-03
26.97163	4.45E-03
26.98196	4.36E-03
26.99229	4.28E-03
27.00262	4.20E-03
27.01295	4.11E-03
27.02328	4.03E-03
27.03361	3.94E-03
27.04394	3.83E-03
27.05427	3.71E-03
27.0646	3.59E-03
27.07493	3.47E-03
27.08526	3.34E-03
27.09559	3.23E-03
27.10592	3.12E-03
27.11625	3.02E-03
27.12658	2.97E-03
27.13691	2.92E-03
27.14724	2.87E-03
27.15757	2.90E-03
27.1679	2.91E-03
27.17823	2.94E-03
27.18856	2.97E-03
27.19889	3.00E-03
27.20922	3.03E-03
27.21955	3.05E-03
27.22988	3.06E-03
27.24021	3.07E-03
27.25054	3.07E-03
27.26087	3.07E-03
27.2712	3.05E-03
27.28153	3.04E-03
27.29186	3.04E-03
27.30219	3.04E-03
27.31252	3.04E-03
27.32285	3.04E-03
27.33318	3.04E-03
27.34351	3.05E-03
27.35384	3.05E-03
27.36417	3.01E-03
27.3745	2.97E-03
27.38483	2.92E-03
27.39516	2.86E-03
27.40549	2.75E-03
27.41582	2.65E-03
27.42615	2.55E-03
27.43648	2.45E-03
27.44681	2.33E-03
27.45714	2.23E-03
27.46747	2.11E-03
27.4778	2.02E-03
27.48813	1.91E-03
27.49846	1.81E-03
27.50879	1.70E-03
27.51912	1.60E-03
27.52945	1.49E-03
27.53978	1.39E-03
27.55011	1.29E-03
27.56044	1.19E-03
27.57077	1.11E-03
27.5811	1.10E-03
27.59143	1.07E-03
27.60176	1.03E-03
27.61209	3.73E-03
27.62242	4.16E-03
27.63275	4.15E-03
27.64308	4.19E-03
27.65341	4.05E-03
27.66374	3.91E-03
27.67407	3.79E-03
27.6844	3.66E-03
27.69473	3.54E-03
27.70506	3.42E-03
27.71539	3.28E-03
27.72572	3.13E-03
27.73605	2.99E-03
27.74638	2.86E-03
27.75671	2.73E-03
27.76704	2.62E-03
27.77737	2.50E-03
27.7877	2.39E-03
27.79803	2.29E-03
27.80836	2.19E-03
27.81869	2.09E-03
27.82902	2.00E-03
27.83935	1.91E-03
27.84968	1.83E-03
27.86001	1.75E-03
27.87034	1.67E-03
27.88067	1.59E-03
27.891	1.49E-03
27.90133	1.39E-03
27.91166	1.28E-03
27.92199	1.12E-03
27.93232	6.85E-04
27.94265	7.34E-04
27.95298	7.91E-04
27.96331	8.57E-04
27.97364	9.06E-04
27.98397	9.55E-04
27.9943	1.01E-03
28.00463	1.04E-03
28.01496	1.06E-03
28.02529	1.07E-03
28.03562	1.09E-03
28.04595	1.08E-03
28.05628	1.08E-03
28.06661	1.07E-03
28.07694	1.06E-03
28.08727	1.05E-03
28.0976	1.04E-03
28.10793	1.02E-03
28.11826	1.00E-03
28.12859	9.75E-04
28.13892	9.51E-04
28.14925	9.18E-04
28.15958	8.53E-04
28.16991	7.88E-04
28.18024	7.27E-04
28.19057	6.40E-04
28.2009	5.44E-04
28.21123	4.58E-04
28.22156	3.73E-04
28.23189	2.22E-04
28.24222	1.32E-04
28.25255	8.01E-05
28.26288	6.19E-05
28.27321	9.75E-06
28.28354	1.62E-05
28.29387	1.37E-05
28.3042	1.15E-05
28.31453	9.71E-06
28.32486	8.15E-06
28.33519	6.88E-06
28.34552	5.81E-06
28.35585	4.88E-06
28.36618	4.10E-06
28.37651	3.45E-06
28.38684	2.90E-06
28.39717	2.43E-06
28.4075	2.05E-06
28.41783	1.72E-06
28.42816	1.44E-06
28.43849	1.21E-06
28.44882	1.10E-06
28.45915	1.03E-06
28.46948	9.64E-07
28.47981	9.03E-07
28.49014	8.41E-07
28.50047	7.88E-07
28.5108	7.38E-07
28.52113	6.90E-07
28.53146	6.46E-07
28.54179	6.04E-07
28.55212	5.65E-07
28.56245	5.26E-07
28.57278	4.92E-07
28.58311	4.60E-07
28.59344	4.30E-07
28.60377	4.01E-07
28.6141	3.74E-07
28.62443	3.50E-07
28.63476	7.43E-07
28.64509	1.12E-06
28.65542	2.69E-06
28.66575	1.36E-05
28.67608	1.25E-04
28.68641	1.66E-04
28.69674	2.18E-04
28.70707	2.80E-04
28.7174	3.28E-04
28.72773	3.40E-04
28.73806	3.49E-04
28.74839	3.62E-04
28.75872	3.66E-04
28.76905	3.66E-04
28.77938	3.67E-04
28.78971	3.69E-04
28.80004	3.67E-04
28.81037	3.66E-04
28.8207	3.66E-04
28.83103	3.60E-04
28.84136	3.32E-04
28.85169	3.07E-04
28.86202	2.83E-04
28.87235	2.36E-04
28.88268	1.73E-04
28.89301	1.26E-04
28.90334	9.21E-05
28.91367	2.04E-05
28.924	5.70E-06
28.97565	1.37E-06
29.0273	1.66E-06
29.07895	1.79E-06
29.1306	1.93E-06
29.18225	2.10E-06
29.2339	2.21E-06
29.28555	2.16E-06
29.3372	2.15E-06
29.38885	2.14E-06
29.4405	1.97E-06
29.49215	1.70E-06